"run_ID"	"NIE"	"NIE.q025"	"NIE.q975"	"NIE.CIl95"	"NDE"	"NDE.q025"	"NDE.q975"	"NDE.CIl95"	"ATE"	"ATE.q025"	"ATE.q975"	"ATE.CIl95"
194	0.206365154779375	0.062167354399629	0.343293045393396	0.281125690993767	2.51697291895375	2.316049882322	2.67274454431449	0.356694661992484	2.71890815534908	2.49945161929371	2.89134214664715	0.391890527353439
74	0.206455370543456	-0.0624265043433762	0.445481995038102	0.507908499381479	2.66862955387605	2.46348273105824	2.97399746634766	0.510514735289427	2.88275703597429	2.68376732371223	3.10284404622326	0.419076722511029
54	0.259040051015329	0.118754908542352	0.489924427842406	0.371169519300055	2.53035823832208	2.29093881324838	2.71397790629914	0.423039093050759	2.78084754089541	2.56145650822449	3.02335038368088	0.461893875456394
62	0.316353162118698	0.151796991659953	0.546118763628064	0.394321771968111	2.43461801770559	2.22614057806299	2.67635634335625	0.450215765293263	2.75620138011349	2.53731464681041	2.99400268258455	0.456688035774137
72	0.335341209411856	0.17743182361661	0.510131849868516	0.332700026251905	2.57291791222878	2.3435222513551	2.73303179857094	0.38950954721584	2.9072513375801	2.65771844095742	3.13049656436031	0.472778123402891
202	0.330105246186716	0.159346917485746	0.536976154679783	0.377629237194037	2.41855568005777	2.17285454220557	2.65216418300802	0.479309640802447	2.74936197463934	2.51835102706588	2.98018112478563	0.461830097719748
82	0.330713620235681	0.141780487501872	0.531888033379487	0.390107545877614	2.52027387788651	2.3100982499549	2.80822241005416	0.498124160099258	2.84927486929277	2.6057971084043	3.11846224983418	0.512665141429871
56	0.493272596943215	0.220732993246626	0.768088255458467	0.547355262211841	2.3664059841763	2.08836946474351	2.66671926747454	0.578349802731035	2.84533790878555	2.59847248397545	3.11914844479756	0.520675960822109
81	0.224979764143077	-0.00393704775262722	0.515336053121813	0.51927310087444	2.60903982918456	2.33480540990421	2.85229059422912	0.517485184324914	2.852207862302	2.62886462710316	3.08059123663341	0.45172660953025
120	0.220136476094651	0.0412606331728596	0.610090930782176	0.568830297609317	2.67940299828185	2.33313198285952	2.95109908851715	0.617967105657624	2.90458956881879	2.70594200461916	3.16655412886343	0.460612124244271
204	0.323839472387666	0.117517347264241	0.554889324865122	0.437371977600881	2.50320296553462	2.20451904729754	2.90668116219617	0.702162114898625	2.82220898066828	2.5872720852999	3.09567849639662	0.508406411096715
307	0.278914822641541	0.130958094577413	0.500890335164562	0.369932240587149	2.48106453990833	2.26135048638692	2.63784552042277	0.376495034035856	2.76603618745216	2.55094450619432	2.9623402811994	0.411395775005078
57	0.383063286163194	0.23027546312144	0.615740363416586	0.385464900295146	2.50337353790521	2.24444646815851	2.70438543211117	0.459938963952665	2.88781831467311	2.66868570166072	3.17070911286508	0.502023411204356
84	0.292073054879166	0.131166654226381	0.474547362634932	0.343380708408551	2.45223292366136	2.23621393842481	2.68222728413625	0.446013345711442	2.73163825690103	2.53982564701899	3.01599072663761	0.476165079618623
358	0.248754126665281	0.109746589003845	0.417030558579539	0.307283969575694	2.57960859944574	2.30476944991372	2.80272125889802	0.497951808984308	2.82822488310145	2.62901907640415	3.0663324047857	0.437313328381548
69	0.351357729819341	0.118137532344548	0.587506435846697	0.469368903502149	2.40625125524798	2.14747164225073	2.67070639655876	0.523234754308035	2.76908345600734	2.51264949148047	2.99507660884912	0.482427117368656
59	0.339824427769251	0.00939418558704364	0.566000379760547	0.556606194173504	2.48922906997909	2.21322302538438	2.8125760382771	0.599353012892721	2.82214607252294	2.58144557111069	3.12643232428527	0.544986753174576
83	0.345963201616592	0.0542299210270852	0.57507000710817	0.520840086081085	2.50875056117572	2.27718875692514	2.84160671070053	0.564417953775397	2.86271798064213	2.60634519852895	3.14128142064532	0.534936222116364
107	0.415284520009123	0.211957748007595	0.604776693199397	0.392818945191803	2.50180616842475	2.25019196745504	2.74414413229027	0.493952164835228	2.92374229507951	2.64656658692045	3.14930764258933	0.502741055668879
245	0.296275592969496	0.131856115004649	0.497477026122623	0.365620911117974	2.52171566487377	2.32652587213289	2.74605829542264	0.419532423289749	2.82440237407875	2.59673305366591	3.03737167541478	0.440638621748872
64	0.387052099439385	0.140021718644293	0.621034733608758	0.481013014964465	2.41629697011459	2.09193512040836	2.71542168283158	0.62348656242322	2.79690333000853	2.51561210387643	3.10619082972993	0.590578725853498
48	0.286998124750093	0.142849890675685	0.488188451317606	0.345338560641921	2.55397374824487	2.33214012122526	2.77585493776078	0.443714816535516	2.85094286692699	2.585249126387	3.10172719678204	0.516478070395047
75	0.298905286235124	0.12812345815106	0.472131448363303	0.344007990212242	2.33061498144724	2.15330894862131	2.51712296746839	0.363814018847073	2.61300613185996	2.40412460860769	2.8300980369287	0.425973428321005
302	0.341213816116251	0.177417103274783	0.527128469226554	0.349711365951771	2.41158173609597	2.20414646437079	2.59318767108815	0.389041206717363	2.75937133176836	2.5159013662392	2.98041069110025	0.464509324861051
60	0.444423495170613	0.269705571696109	0.621071097890113	0.351365526194004	2.46668529814677	2.23525160576255	2.6610280943661	0.425776488603552	2.90799533655487	2.69288475205573	3.13046098804336	0.437576235987623
218	0.371288412382505	0.206399349386703	0.525490017565955	0.319090668179251	2.44716582374591	2.22222723495095	2.63914306963291	0.416915834681963	2.81790936011477	2.55838579217756	3.064405672623	0.506019880445437
47	0.370728363171303	0.189517946154802	0.628027682972044	0.438509736817242	2.43915362717736	2.21892927519885	2.72476282264748	0.505833547448623	2.81859159706234	2.60558264626334	3.14600771008019	0.54042506381685
253	0.246481384105078	0.058722858410498	0.402563108500891	0.343840250090393	2.53142222020738	2.31318431458842	2.75735286619042	0.444168551601996	2.78043697748079	2.55709667898489	3.00569379349917	0.44859711451428
65	0.216236416146455	-0.0353292751426768	0.467261045679367	0.502590320822044	2.49360058294495	2.23099640203311	2.76867960297957	0.537683200946465	2.69084867829251	2.44927355988316	2.93472552278218	0.485451962899012
235	0.237000170401433	-0.0144573540935816	0.531444180794486	0.545901534888067	2.57636385393245	2.28821980889416	2.90067043668681	0.612450627792648	2.80689567669022	2.61475687051092	3.05866868570487	0.443911815193949
25	0.303822860434049	0.028779639612635	0.498809616206508	0.470029976593873	2.45332319231379	2.24336034711495	2.7764882810718	0.53312793395685	2.75426221183932	2.5392309595586	2.99797175248712	0.458740792928514
305	0.24901676255336	0.0812963663545574	0.519809343615347	0.438512977260789	2.48471154759951	2.2527957991402	2.68840646022227	0.435610661082067	2.74616843976276	2.54438968986308	3.00831718984576	0.46392749998268
110	0.344916102552424	0.14293161766716	0.518909962996074	0.375978345328914	2.48638417372391	2.27753722197942	2.68806548741818	0.410528265438759	2.81889366647122	2.60369389937741	3.08233565292695	0.478641753549543
33	0.479952572192658	0.280574836353384	0.67561064748479	0.395035811131407	2.32194493605647	1.99109080780883	2.49075813929832	0.499667331489492	2.79686451282903	2.51131691021918	3.07735497449943	0.566038064280248
85	0.272535548667474	0.121910583638754	0.41610141058552	0.294190826946766	2.41068318496445	2.25906487635168	2.58593085194641	0.326865975594723	2.6825587230717	2.48097835866144	2.9007495897037	0.419771231042259
99	0.390540629562673	0.215746655318632	0.578478041681194	0.362731386362562	2.48665501576704	2.25893502542919	2.66556939591326	0.40663437048407	2.87620593927528	2.6788695969223	3.10081491683645	0.421945319914151
27	0.348367709281463	0.172851300590282	0.553719175683722	0.38086787509344	2.58606420316757	2.37811836297314	2.80690383716057	0.428785474187432	2.92373329617398	2.69320810466445	3.16916989926909	0.475961794604639
270	0.33388058884466	0.122054146994103	0.507660646417988	0.385606499423885	2.44575953267379	2.20725812337386	2.67617418782784	0.468916064453977	2.78532384155917	2.50597611659876	2.98814381757208	0.482167700973321
63	0.393280544721763	0.221950253769222	0.582501744122204	0.360551490352983	2.46543907825157	2.23030683506417	2.64957049614892	0.419263661084748	2.85160186909854	2.62178911760876	3.0513979989596	0.429608881350834
67	0.407645184232033	0.246749020782629	0.593163652191025	0.346414631408396	2.51223625002593	2.31064675774717	2.71795093367027	0.407304175923097	2.91814689290384	2.66218038179212	3.14945148753696	0.487271105744843
113	0.360385297746224	0.187067564553965	0.603611337380645	0.41654377282668	2.4123510898449	2.1969905049517	2.63444638702646	0.437455882074756	2.78173439877672	2.57174908729264	3.00456930191127	0.432820214618622
151	0.311199749197025	0.0234709010143157	0.522443647598648	0.498972746584333	2.66980699676537	2.40588715473373	2.99603951298948	0.590152358255754	2.98434863985097	2.76002391857901	3.21166271205904	0.451638793480035
29	0.362148487171256	0.119721446698164	0.603241713349015	0.483520266650851	2.44666306971185	2.23737399124117	2.75471659490738	0.517342603666207	2.82490437129542	2.6049873513688	3.15088470018488	0.545897348816081
261	0.299283930707492	0.131001552974254	0.490912828442296	0.359911275468041	2.58360719994388	2.35897037731759	2.77467817207724	0.415707794759649	2.8856803342271	2.6000853237006	3.10280594247566	0.502720618775053
104	0.330272027986511	0.110828360373747	0.550785820053105	0.439957459679358	2.49699994915996	2.27918376806937	2.73849781746193	0.45931404939256	2.83273638408054	2.55579833838165	3.1164448297464	0.560646491364746
126	0.28455748610502	0.109886047199336	0.48474929224116	0.374863245041824	2.42958875510162	2.16145983720717	2.64521465263338	0.483754815426205	2.71934153119553	2.48897091669941	2.94281007715238	0.453839160452974
106	0.387722387465338	0.0767722472927304	0.679623100453199	0.602850853160468	2.5471473951468	2.21029425265694	2.93757387360041	0.727279620943468	2.92913385754919	2.66374647455796	3.17403055218314	0.510284077625176
73	0.402022698386017	0.227045596797966	0.618052794376231	0.391007197578265	2.54512232719154	2.30283846384684	2.7671588766052	0.464320412758353	2.95251318733248	2.67696815190727	3.20148247911427	0.524514327207
354	0.3638097604072	0.147806695183118	0.602685337043318	0.4548786418602	2.42300904068817	2.2508862273181	2.64245240411128	0.391566176793183	2.79296066169046	2.60539138823801	2.99206380437027	0.386672416132261
76	0.424907131556611	0.230719649659502	0.654077241519698	0.423357591860196	2.43292713680443	2.22221303033815	2.64260488475018	0.420391854412036	2.87081112356455	2.61599707354105	3.15855201264764	0.542554939106587
170	0.425379183410644	0.239558766835332	0.795828005355328	0.556269238519997	2.45718914192923	2.06435225352046	2.61324267463902	0.548890421118561	2.88663535786387	2.62714091594827	3.09947733728206	0.47233642133379
79	0.3861232489865	0.143626851658462	0.576454584759846	0.432827733101384	2.43764652346821	2.26111345774442	2.71642776818497	0.455314310440555	2.82426952282819	2.63695494262076	3.11330452418225	0.476349581561484
248	0.193693726955171	0.05681219215132	0.395506100548802	0.338693908397482	2.56898964915438	2.35601054625795	2.77864699871435	0.422636452456401	2.77760844763681	2.53122101969899	2.97829653645943	0.44707551676044
171	0.346428510276523	0.15643035752521	0.592601858073455	0.436171500548244	2.427355994519	2.23402200304698	2.6671634803806	0.433141477333613	2.79978892045281	2.56950191308631	2.99187747200689	0.422375558920583
339	0.241099478383962	0.012120036855131	0.466320713914445	0.454200677059314	2.47367780089414	2.18339673184004	2.70386025224973	0.52046352040969	2.71236437093496	2.40602584342642	2.94557074577942	0.539544902353005
78	0.432498312193061	0.215520805090409	0.618889624214903	0.403368819124494	2.37423659374783	2.14757864845837	2.65253619128237	0.504957542823998	2.81055312783467	2.54417674665074	3.0971138768071	0.55293713015636
241	0.267890531174952	0.0663072534762377	0.425316102977336	0.359008849501099	2.59544643376717	2.4221657190209	2.80872807660699	0.386562357586096	2.85001643597355	2.65937635626333	3.14249088445834	0.483114528195007
34	0.283848172392786	0.101193157798447	0.441609461657157	0.34041630385871	2.5314431693789	2.30496320608998	2.77488483299035	0.469921626900368	2.81828652842079	2.57110799569942	3.06106760790318	0.489959612203763
109	0.271362643193523	0.103169662196049	0.430439032843085	0.327269370647036	2.44458793867386	2.26083887745557	2.65240482382514	0.391565946369576	2.71645240281967	2.50155629134929	2.94718821212464	0.445631920775345
119	0.376910068835803	0.192908980806853	0.583517573365118	0.390608592558265	2.42803766619283	2.20788146560105	2.69839727842566	0.490515812824611	2.81648392088024	2.58570000011015	3.09720052131538	0.511500521205226
146	0.320625860676833	0.136103652486912	0.531259599006171	0.395155946519259	2.54079707253902	2.30673053725393	2.75666500106049	0.449934463806562	2.86302239231931	2.62329209463507	3.11249332816185	0.489201233526779
250	0.389575281392015	0.0910640957461832	0.571131028197801	0.480066932451617	2.44046996787807	2.2235977419365	2.63693221576054	0.413334473824039	2.81254575898256	2.56785371308186	3.04882550447159	0.480971791389726
97	0.434012620164153	0.26884988387973	0.668373112486571	0.399523228606841	2.50244188737473	2.2779198380528	2.79195376938736	0.514033931334565	2.93809518497766	2.70964873561197	3.32954892458238	0.619900188970411
38	0.375459952011693	0.216315562305623	0.567038478275835	0.350722915970212	2.55680481848737	2.32666962577239	2.80819525438247	0.481525628610084	2.92822693019052	2.71586374176287	3.21181823690331	0.495954495140436
77	0.252539936376542	0.0433545797252275	0.493400832901444	0.450046253176216	2.4975490461684	2.25310002047098	2.82752694480106	0.574426924330077	2.75760386754823	2.52350160751768	2.97468326532883	0.451181657811152
40	0.370814090170491	0.202793562694927	0.564132733921489	0.361339171226561	2.55100969934234	2.35847116939131	2.73878895896821	0.380317789576897	2.91528498350938	2.66005351948311	3.21612155477413	0.55606803529102
258	0.172134439750944	-5.48903312260741e-05	0.358169198444509	0.358224088775735	2.60835874551581	2.39888534265684	2.83540102040815	0.436515677751306	2.78756639684329	2.61156584693313	3.02231945579788	0.410753608864749
32	0.352077029080574	0.192874452393298	0.527728992503474	0.334854540110175	2.45912335511152	2.28784927949822	2.69742642779089	0.409577148292671	2.81615764911151	2.62125919994327	3.05282472009031	0.431565520147042
259	0.236208233656854	-0.0123394463884947	0.450637612995128	0.462977059383622	2.49588751631824	2.28276175220069	2.80393613422292	0.52117438202223	2.73829676814153	2.49997171639969	2.98752413366158	0.48755241726189
66	0.218362273098309	-0.00634283672383521	0.402781287092773	0.409124123816609	2.47057497820109	2.22335263010532	2.70612488139338	0.482772251288063	2.6944255882996	2.43898550596817	2.92986995414863	0.490884448180458
28	0.323874197983423	0.163729181576262	0.529823743302444	0.366094561726182	2.44423433151034	2.17245925763897	2.64847536721592	0.476016109576951	2.76213645198402	2.5112612573762	2.98674237342791	0.475481116051713
94	0.305907515643709	0.153858836763885	0.459112155893877	0.305253319129992	2.49420088784296	2.28356084362146	2.6968187171383	0.413257873516839	2.79243298851496	2.57690337057949	3.00574785924831	0.428844488668812
123	0.422046918209967	0.050358734295274	0.705878820903935	0.655520086608661	2.4726228876358	2.19049203940728	2.89664179535813	0.706149755950845	2.88311727038318	2.66006904737418	3.20880028535265	0.54873123797847
242	0.332299403548601	0.131438825661122	0.567332126882123	0.435893301221	2.45103987038701	2.24044847367053	2.71494590764582	0.474497433975297	2.79593052199623	2.51842530637305	2.9994190462018	0.480993739828746
162	0.343800554234117	0.108177602833402	0.68223530460361	0.574057701770208	2.53100461581999	2.26745250719351	2.80831810015273	0.54086559295922	2.87864962009928	2.62634571229846	3.1301375217158	0.503791809417344
255	0.337598675924709	0.157597647508721	0.502608754127067	0.345011106618346	2.42833077157825	2.16625077164651	2.67056130517627	0.504310533529767	2.75723604441706	2.48975165082839	2.98330399414889	0.493552343320501
53	0.336995979180637	0.155250934364667	0.517147885827427	0.36189695146276	2.4360189730293	2.03976241074055	2.64925340252059	0.609490991780039	2.77621819289255	2.50158968911978	3.01217675442305	0.51058706530327
61	0.416834088056702	0.156584412078759	0.594811855596327	0.438227443517568	2.51649169189069	2.26166482463091	2.74714542474712	0.485480600116211	2.92272331588238	2.57872874357862	3.18973727718023	0.611008533601612
108	0.387076846718659	0.172588923531516	0.713573169081744	0.540984245550228	2.4892437667345	2.15602908499801	2.76241139140914	0.606382306411128	2.88356935459025	2.61723051846595	3.11584272653084	0.498612208064884
117	0.319808889943914	0.148660780904297	0.515454110187125	0.366793329282827	2.54774653442743	2.30546082234855	2.76215141860613	0.456690596257578	2.86702504457284	2.67589826173419	3.07429055832368	0.398392296589489
37	0.312736135029545	0.125511500139768	0.51304407174148	0.387532571601712	2.47786295977016	2.15809118915623	2.69057558279837	0.532484393642139	2.78068576213098	2.56549791894176	3.00668351445323	0.441185595511468
289	0.337521002241695	0.133122405468871	0.571870770883572	0.438748365414701	2.53432059904876	2.30074117109523	2.77910120995706	0.478360038861824	2.86939108742321	2.64687164607618	3.12811441742339	0.481242771347206
309	0.361955973536721	0.174174707302655	0.559200640538204	0.385025933235548	2.50842270955442	2.30131123976338	2.75978865411859	0.458477414355211	2.87466802567777	2.64558341498905	3.13279024281137	0.487206827822314
51	0.324989493353561	0.136862215277359	0.536819864230693	0.399957648953333	2.47306375389545	2.26345711028157	2.73679655137919	0.473339441097624	2.81288603123933	2.55708342376404	3.08127946567273	0.52419604190869
332	0.344588227683032	0.158122859927006	0.596814983090929	0.438692123163923	2.53951226683894	2.27558272736716	2.77512271341858	0.49953998605142	2.87872680924708	2.64339323357047	3.19411978724662	0.550726553676153
87	0.218005418519737	0.0533074398697042	0.388575299731527	0.335267859861823	2.64327479116924	2.41717452301799	2.88369717679193	0.46652265377394	2.87404736319112	2.64584640838007	3.09222092748515	0.446374519105084
360	0.376891760471683	0.142523400437491	0.610016496490851	0.46749309605336	2.46785748090261	2.21818617519928	2.75335191895101	0.535165743751728	2.84190347477248	2.60888560789492	3.08109229131087	0.472206683415949
23	0.26428052801997	0.118484549703332	0.514369681985213	0.395885132281881	2.44120235644025	2.2302224490339	2.65441472217471	0.424192273140814	2.72392304810185	2.48554675170665	2.96162434568401	0.476077593977359
303	0.355065084942671	0.155529691661942	0.605036214547528	0.449506522885586	2.53019347834586	2.22813071748362	2.82394499706417	0.595814279580554	2.88296427121387	2.6598524652108	3.18616506076502	0.526312595554224
265	0.245808628959307	0.114724655735788	0.389700870239835	0.274976214504047	2.52034716481378	2.34926319768148	2.69255446780211	0.343291270120621	2.76546146180526	2.58091829053338	3.01164084811985	0.430722557586472
80	0.375666062035916	0.181843370577847	0.637158282618329	0.455314912040482	2.43630419740742	1.86101241936699	2.76860855914287	0.907596139775873	2.82296537222485	2.32922414869077	3.05895358900299	0.729729440312219
36	0.496964870984525	0.255468995353511	0.779252499149014	0.523783503795502	2.40013422677131	2.05364676847057	2.61537152021151	0.56172475174094	2.8934074173015	2.63896725311855	3.16292674685871	0.523959493740161
311	0.324368460070832	0.126088515617817	0.481242089852354	0.355153574234537	2.4543203472257	2.27506156844491	2.67862497441528	0.403563405970369	2.78280901997775	2.52958956183672	2.99940556657391	0.46981600473719
317	0.450936660250419	0.217282803056237	0.668978784605089	0.451695981548852	2.45679302650324	2.17428411395802	2.84324035441838	0.668956240460365	2.90280559929369	2.64361773528803	3.17668003726228	0.53306230197425
163	0.40697908685368	0.192977382884061	0.567705335528439	0.374727952644379	2.42074330212953	2.17682937622437	2.59738236364782	0.420552987423453	2.8199950636313	2.60634985971665	3.05120925465972	0.444859394943072
247	0.443442302351156	0.234492468743193	0.65319567486818	0.418703206124987	2.43640498619454	2.17968449558886	2.62396431148411	0.444279815895249	2.87343259252614	2.64837613113265	3.12609408750107	0.477717956368423
148	0.403285451550798	0.160068791470911	0.639348718748658	0.479279927277747	2.512679454227	2.2308361021044	2.73941835632493	0.508582254220526	2.92000821994799	2.70354924097276	3.19393968822093	0.490390447248172
243	0.33885069905931	0.14939851403836	0.551985896550835	0.402587382512475	2.54607423787737	2.2837271273	2.79888663015707	0.515159502857069	2.86956355390046	2.69133485133931	3.10184414307628	0.410509291736965
252	0.42093284043036	0.225361217643403	0.680399258610159	0.455038040966756	2.42515861011481	2.22773803789707	2.68429615819911	0.456558120302045	2.85878125696772	2.59336532278773	3.12785144154348	0.534486118755747
246	0.232566364307632	-0.0453934543586788	0.503892416971346	0.549285871330025	2.62884945149581	2.35027516261988	2.86251947827455	0.512244315654677	2.86166937742897	2.61701436101108	3.08966290407986	0.472648543068781
308	0.394456680812033	0.219380075366862	0.61099536359771	0.391615288230848	2.46769759250205	2.21774730279369	2.74108226677317	0.523334963979481	2.86336324633191	2.64178949727256	3.14460840216515	0.502818904892584
316	0.311138688665745	0.135230863339197	0.538388421317536	0.403157557978339	2.51158793044585	2.30671027149377	2.78910110193638	0.482390830442604	2.83482755122658	2.56840524162593	3.09796085907575	0.529555617449826
86	0.433016065934241	0.240095151528739	0.664492043442146	0.424396891913407	2.44135290427472	1.97003076348237	2.70588314254657	0.735852379064202	2.88372847905203	2.5527447013395	3.10718535933741	0.554440657997914
26	0.32362128144977	0.125423026535486	0.545224258579462	0.419801232043975	2.39495429993592	2.18459588851	2.59223426080635	0.407638372296344	2.70747132249405	2.48356044340828	2.94471376991099	0.46115332650271
50	0.400686004752017	0.194662511799166	0.667316755513165	0.472654243713998	2.45585715237624	2.21779888080734	2.6888242214554	0.471025340648054	2.84299762182215	2.56394716562579	3.09186087613468	0.52791371050889
166	0.302558627067125	0.141014944965497	0.470705587394658	0.329690642429161	2.52045136959688	2.3499368644488	2.72684102040083	0.376904155952035	2.81915292266271	2.63385052028783	3.07446095610482	0.440610435816991
98	0.359980495512465	0.0953053823297303	0.62932889875691	0.53402351642718	2.44740284715013	2.16247830713277	2.76418729251955	0.601708985386774	2.8043777748379	2.53467924558495	3.08618321694733	0.551503971362382
52	0.293547384359733	0.0620491442161049	0.508449716128596	0.446400571912492	2.4928600321815	2.29092995020965	2.83711603063001	0.546186080420364	2.78224457439762	2.57420270719371	3.03451513866215	0.460312431468433
154	0.324774070798472	0.121240475039816	0.559395215789316	0.438154740749501	2.55315057637856	2.29965003839347	2.82866017033187	0.529010131938401	2.88461569201192	2.62990339249977	3.16177841668725	0.531875024187477
219	0.29217068724649	0.13903458129235	0.485717905796838	0.346683324504489	2.51701554823648	2.28723518200682	2.70557018164511	0.418334999638295	2.81881142143897	2.53550837547603	3.03632177756886	0.500813402092828
70	0.446848968770395	0.193327457316213	0.659664983921054	0.46633752660484	2.41574805456073	2.1520232275864	2.67962824378751	0.527605016201111	2.86348524655222	2.57560931017647	3.12290152776722	0.547292217590747
260	0.274495675898006	0.0820187203895097	0.496477248290126	0.414458527900616	2.48026663081716	2.23118706767345	2.77632992478874	0.545142857115288	2.75750166392007	2.54013259650797	3.02935052824995	0.48921793174198
101	0.422688964361119	0.217527872194109	0.612273124254294	0.394745252060184	2.42995654243968	2.18208408792884	2.64082399091245	0.458739902983614	2.85261872220392	2.62603459217053	3.12959866653552	0.50356407436499
161	0.394543281133216	0.188509594245527	0.64258550947446	0.454075915228933	2.43750699718417	2.22303989455086	2.70675482192217	0.483714927371312	2.84532284061758	2.59136656158444	3.06804727069485	0.476680709110411
71	0.313235834863293	0.131510611400321	0.538930151579043	0.407419540178722	2.50661641648631	2.29537704835386	2.70851933088829	0.413142282534428	2.81316565525544	2.6161111263847	3.07125052483596	0.455139398451256
249	0.326882071889726	0.0304457018684753	0.53866735863482	0.508221656766344	2.54992262543999	2.30389667369823	2.88095270829746	0.577056034599237	2.86703839481438	2.61564157477905	3.11572692565014	0.500085350871084
49	0.413680716965255	0.241822190843614	0.597665602899052	0.355843412055438	2.40855435653768	2.15740284704003	2.616019583465	0.458616736424972	2.83411485392708	2.58163681593298	3.08703951379866	0.505402697865688
121	0.454068391906364	0.170016794008255	0.6476750831351	0.477658289126846	2.38713497319262	2.20171737886356	2.70152560602387	0.499808227160302	2.84672611440953	2.59083017685823	3.10865906414987	0.517828887291638
306	0.454253370575775	0.261256289084767	0.698182292914078	0.436926003829311	2.36999266326713	2.06973853944977	2.57714768459389	0.507409145144116	2.82241417398708	2.55559821492869	3.11760014716367	0.562001932234979
105	0.45556928470239	0.219119982098965	0.728655316386073	0.509535334287108	2.39601064987506	2.14646569844779	2.64250469863716	0.496039000189366	2.83855842739942	2.58916129976877	3.10443680568217	0.515275505913397
254	0.358374315019206	0.160821865418842	0.537198696745268	0.376376831326426	2.56464100879208	2.35424666705727	2.82036709294623	0.466120425888964	2.92177728966643	2.73087188846637	3.14331031007647	0.412438421610102
7	0.27266729000366	0.0742490583880411	0.474547460717102	0.400298402329061	2.63401475459736	2.43294272970751	2.82109493875549	0.388152209047987	2.90912473156878	2.69379793222686	3.12134411334123	0.427546181114369
343	0.20927049917612	-0.0540331201114977	0.433435145895292	0.48746826600679	2.55646380974227	2.35458449701102	2.86957763774721	0.514993140736183	2.79262981519619	2.57532500356443	3.02671136008293	0.451386356518501
262	0.390564847763748	0.137012378097165	0.721134248925322	0.584121870828157	2.39952341234617	2.04756594762579	2.7210634815079	0.673497533882112	2.81229474903997	2.5632139403344	3.1419670201926	0.578753079858204
41	0.433634282903366	0.199106469534136	0.726613964185932	0.527507494651795	2.42024141348126	2.06588939850524	2.75395674826203	0.688067349756793	2.85417830256765	2.61166570093434	3.12962690254834	0.517961201614006
298	0.415700481060711	0.238817447888507	0.610665655217914	0.371848207329406	2.52218920548484	2.26718527879165	2.73878337469188	0.471598095900229	2.94356486402512	2.67948749573915	3.19339428189554	0.513906786156391
301	0.215561032041282	0.00136243987827887	0.434833047145168	0.433470607266889	2.62442609256908	2.39675610584291	3.00600776545552	0.609251659612613	2.84449085437918	2.63552573001995	3.11099169269091	0.475465962670955
496	0.310125788006972	0.10736426481017	0.524860168570959	0.41749590376079	2.45459145791997	2.2253160155274	2.63545449608242	0.41013848055502	2.76157069927914	2.50622750526434	3.03172047363405	0.525492968369702
319	0.343621874845894	0.0908540502251565	0.625391936265128	0.534537886039972	2.50977928510289	2.28178681051658	2.85349629607921	0.571709485562622	2.85498950048996	2.63750512632079	3.13435872623862	0.496853599917829
492	0.280588344019476	0.118868217493744	0.463727288171339	0.344859070677594	2.47074046088612	2.22420759482037	2.68142579787194	0.457218203051573	2.75068978843362	2.54957326366898	2.95361801183899	0.404044748170015
125	0.415729302136536	0.180863792440537	0.622327537476746	0.44146374503621	2.49745568344241	2.25109558293209	2.78823066220077	0.537135079268688	2.92975157216372	2.6438851358582	3.14844048250639	0.504555346648186
127	0.222524385773418	0.0294542487074907	0.380446757851139	0.350992509143648	2.53855141896202	2.36140844967144	2.74486931741424	0.383460867742798	2.76206619225901	2.54865586142637	3.00204648472262	0.453390623296253
408	0.277294574314261	0.0956620520593228	0.454912973649078	0.359250921589755	2.44622702929259	2.21583199031111	2.68061601596653	0.464784025655422	2.72525415910292	2.46799889264668	2.97000342864624	0.502004535999563
438	0.370812395187022	0.196719330173564	0.549293638442979	0.352574308269415	2.52773510040673	2.27885515222171	2.71826254596307	0.439407393741354	2.90326547360594	2.66121746255629	3.11380195647996	0.452584493923669
429	0.394435772128409	0.219971388513485	0.581693400596968	0.361722012083483	2.4975127842599	2.22806075199614	2.68199157495851	0.453930822962372	2.90318415546428	2.66501638846048	3.15373912148837	0.488722733027891
58	0.213168627583764	0.0399234466773206	0.42409441270338	0.384170966026059	2.47886039033608	2.29641623045989	2.65760313365226	0.361186903192367	2.68671367224051	2.46920966028634	2.91227872315334	0.443069062866998
115	0.33118551918351	0.162952718319745	0.540833747335236	0.377881029015491	2.4391825839988	2.20371679492609	2.72742732261795	0.523710527691862	2.80122937394032	2.4913295726096	3.05198239913241	0.560652826522805
427	0.230007102610366	0.00265903850878196	0.477086618373172	0.47442757986439	2.53284376218067	2.25500543351009	2.82095688813162	0.565951454621532	2.7766821431057	2.56066626261269	2.98811253101876	0.42744626840607
153	0.326841980170094	0.0426627109879254	0.549057822033491	0.506395111045566	2.44149468776925	2.22925247783395	2.80012002279213	0.570867544958175	2.78019536205621	2.53771797144804	3.05220472110441	0.514486749656371
364	0.436564668467899	0.262545072636072	0.679102645661351	0.416557573025278	2.47967840507729	2.25587496637189	2.71211081192182	0.456235845549924	2.91973380195901	2.66788663212402	3.21513607894793	0.547249446823915
114	0.379665817799706	0.203220050674168	0.587341258330444	0.384121207656276	2.4197043613646	2.19295952040265	2.63751091406823	0.444551393665581	2.79329360697573	2.51336891498665	3.04256654505123	0.52919763006458
342	0.332919604982397	0.0743543253064509	0.590695220411521	0.51634089510507	2.49729937764762	2.26655314273479	2.81538063596832	0.548827493233532	2.84074465256311	2.6615556066514	3.1171115177233	0.455555911071896
155	0.219656270603378	0.0718433779912385	0.381916657602121	0.310073279610882	2.54493512970277	2.36449593494622	2.72264048844957	0.358144553503353	2.77488137942341	2.50902868366965	3.02467786773239	0.51564918406274
231	0.356439952885978	0.173900705407193	0.545821470400152	0.371920764992958	2.41420800875924	2.17744269743893	2.61765916510015	0.440216467661218	2.75565276551316	2.46457251510195	3.046782384685	0.582209869583053
112	0.271199430163685	0.118350925142538	0.476202229565195	0.357851304422657	2.51205263503101	2.20234298534759	2.72093134430217	0.518588358954581	2.78648497729785	2.55322727234045	3.01213841718344	0.458911144842984
122	0.268799927470789	-0.0855731294138738	0.561893353102492	0.647466482516366	2.64975964935922	2.30236425930196	2.99350898421211	0.691144724910155	2.91029106027206	2.68167208600839	3.14616595731358	0.464493871305196
497	0.292452058872586	0.149817479015194	0.444825291312478	0.295007812297285	2.4961863097766	2.30222704482341	2.67468405368432	0.372457008860908	2.78753533916936	2.53806040374026	3.04758113825761	0.509520734517341
315	0.349663099357159	0.143882394219704	0.583285599705507	0.439403205485802	2.49959930662185	2.25193137704896	2.7188496088854	0.466918231836441	2.84925886889601	2.62681948025795	3.09227382843596	0.465454348178012
103	0.348459323449802	-0.0629850100383314	0.541639184943668	0.604624194982	2.55697201192163	2.28285265732783	3.0133359774125	0.730483320084673	2.89511146967684	2.6122355523439	3.16178252886741	0.549546976523508
402	0.470370070452433	0.307488523330587	0.682725441344046	0.375236918013459	2.3272931120519	2.16802260189027	2.51320703547979	0.345184433589521	2.79915099670703	2.59839263395178	3.04571794685944	0.447325312907656
217	0.294070285940272	0.0660995412128296	0.492164429452271	0.426064888239441	2.49317653499422	2.28406067356426	2.77791394328999	0.49385326972573	2.78661836534305	2.55415709929263	3.05729441362052	0.503137314327884
257	0.490370511617494	0.224774799002782	0.742255168230233	0.517480369227451	2.53992187003519	2.32413249531049	2.75345867912793	0.429326183817447	3.0267759983279	2.75460272243952	3.2566779375017	0.502075215062183
363	0.393187277820669	0.189902155520813	0.625531811120777	0.435629655599964	2.49839818323466	2.22864436232501	2.73627321549994	0.507628853174935	2.89037473097693	2.64988504484001	3.17050489080955	0.520619845969545
149	0.379451609056513	0.215289408600077	0.58283603803818	0.367546629438102	2.50826101294692	2.2525109110406	2.70899620272346	0.456485291682865	2.88454002681243	2.67740191725059	3.13200679942329	0.454604882172703
228	0.321498155609325	0.134783426864353	0.556819512505825	0.422036085641473	2.49337928845975	2.25448341867788	2.70416066504645	0.449677246368565	2.81632649793677	2.56214686891976	3.01400165074566	0.4518547818259
232	0.341895375156154	0.145385007651751	0.516734221684743	0.371349214032992	2.48643101619196	2.26997044600339	2.66317538322848	0.393204937225083	2.82267412836247	2.61375070300757	3.05928165865837	0.445530955650804
362	0.342408481854772	0.165189956083094	0.509470762443001	0.344280806359908	2.44660142638996	2.25768130621554	2.70297550615751	0.445294199941967	2.786918764353	2.58880814172972	3.06586110106412	0.477052959334404
340	0.507614597023055	0.301191188206725	0.705782265561909	0.404591077355185	2.3863920427796	2.20432997091504	2.60109657822434	0.396766607309301	2.90503282136992	2.65495308757268	3.123851997258	0.46889890968532
95	0.402336061723727	0.211511760416031	0.581652826501798	0.370141066085767	2.45204055435741	2.2409126225056	2.67471422730181	0.433801604796217	2.85171473459781	2.5846940660166	3.14609600844757	0.561401942430968
366	0.393937743176092	0.147367584537873	0.681790823613203	0.53442323907533	2.4791043797621	2.20498735600561	2.75950274213963	0.554515386134021	2.87954863632225	2.59411571837633	3.11736830044003	0.523252582063709
96	0.447935755262453	0.241696740076302	0.672650001424718	0.430953261348416	2.46947636603552	2.24665682399909	2.73186663645959	0.485209812460498	2.9314040232944	2.64377120756799	3.14823659558594	0.504465388017951
369	0.313768239115903	0.123185798960068	0.509176294596304	0.385990495636235	2.46585374437213	2.28825351477023	2.66899533877047	0.380741824000242	2.78247820249007	2.53389601848614	3.01409414904145	0.480198130555312
431	0.412199744757137	0.192458646617928	0.675736534295473	0.483277887677545	2.49333990135404	2.26351661277505	2.74271477563334	0.479198162858293	2.91326137183225	2.71073151818684	3.12966121510035	0.418929696913514
312	0.248202360015674	0.0949872828159501	0.397739750748363	0.302752467932413	2.47411437659664	2.30443566510755	2.62955162646996	0.32511596136241	2.73927298317443	2.50188907427728	2.96723351733185	0.46534444305457
464	0.447408136621509	0.22842762230388	0.668515896526861	0.440088274222981	2.46185747528195	2.18217047564541	2.73058928145317	0.548418805807766	2.90245383373158	2.65468946479951	3.16823436232469	0.51354489752518
430	0.406495985787623	0.19846629375364	0.638650323323631	0.440184029569991	2.53759476397622	2.26991891379796	2.75337926248086	0.483460348682903	2.95062743809182	2.71185010540019	3.15612472833038	0.444274622930183
485	0.283136202063443	0.0563942855953342	0.516619373330915	0.460225087735581	2.45739124596805	2.21329456239344	2.6996607856756	0.486366223282154	2.75621965724052	2.50745397240637	2.98207957865899	0.474625606252625
336	0.41700313693719	0.18874853241412	0.716849582004993	0.528101049590873	2.47713016311196	2.15201126798223	2.79293516413108	0.640923896148855	2.89793147107653	2.63360669728656	3.12920893864894	0.495602241362382
325	0.32374417245476	0.100929606409225	0.605067402160668	0.504137795751443	2.48039462252711	2.18146129525676	2.79519182357029	0.613730528313526	2.80300453312386	2.55460850766879	3.0980226142797	0.543414106610911
432	0.392110943485541	0.194645324155248	0.657280653468808	0.46263532931356	2.51433436186044	2.28522677397191	2.74299169068214	0.457764916710229	2.90532621728632	2.6443622587123	3.21848920431061	0.574126945598318
341	0.317969400474658	0.149698738853915	0.504319119554036	0.354620380700121	2.51521410753155	2.31022178710877	2.7029151070772	0.39269331996843	2.8379654781806	2.59160265510187	3.09106421641408	0.49946156131221
361	0.321442142891824	0.101362324469482	0.551417922550615	0.450055598081133	2.4752086846852	2.2206653903495	2.85807944156107	0.637414051211576	2.78691253427582	2.58579609561243	3.11654751707615	0.530751421463719
448	0.337365663250266	0.178832368064818	0.518245721257003	0.339413353192185	2.47489432943873	2.28461974271168	2.60374768781559	0.319127945103906	2.80198674896045	2.58220119565598	3.03802845900339	0.455827263347405
173	0.41088517785398	0.219270853253235	0.619705882326806	0.400435029073571	2.43562168095178	2.15608017048217	2.69279103194679	0.536710861464616	2.8473661090725	2.58553212711912	3.05905135963336	0.473519232514239
344	0.314827499544133	0.146069254303259	0.545827695560299	0.39975844125704	2.53307907930618	2.24747740280183	2.73574985440498	0.488272451603156	2.8516655344609	2.64856800099898	3.05706991805127	0.408501917052288
367	0.466901266232175	0.287139240750654	0.668837738347332	0.381698497596679	2.48632123482473	2.29154146502504	2.64703085772033	0.355489392695288	2.9470720264221	2.74196763010454	3.17670829018041	0.434740660075872
22	0.282197155016616	0.016897280659725	0.534139354716471	0.517242074056746	2.53325080484049	2.29590004058149	2.87068858402935	0.574788543447857	2.81463973600411	2.54567467125236	3.0289069567304	0.483232285478043
491	0.385647910045254	0.15357856855496	0.581855353188018	0.428276784633058	2.56013810660033	2.34791534485302	2.85345386682124	0.505538521968217	2.94416889883013	2.69799017677888	3.21835520967925	0.520365032900364
356	0.26159480912202	0.102141053757516	0.444351033459442	0.342209979701926	2.52267888308405	2.32426701452881	2.7505491438319	0.426282129303092	2.79980985071272	2.52805660113573	3.03057765999177	0.502521058856043
233	0.38281858175672	0.0859746711366766	0.606128398307734	0.520153727171058	2.55924547529252	2.32175039759686	2.95561528965126	0.633864892054406	2.95922564621212	2.68580181664232	3.23692319324659	0.551121376604274
24	0.514115493264531	0.25309044713269	0.788331825982106	0.535241378849415	2.43465857042602	2.1876779704118	2.67222873845253	0.484550768040724	2.95364786332015	2.69315116143582	3.17142766128548	0.478276499849665
449	0.38760115339762	0.197335580544988	0.591679172506399	0.394343591961412	2.45464923126645	2.2615436658678	2.66941408389094	0.407870418023142	2.84764568483215	2.59643792235004	3.14461729975809	0.54817937740805
226	0.432162896008703	0.21324731409776	0.626334128393758	0.413086814295998	2.43771447287585	2.15729576502282	2.68644099083261	0.529145225809789	2.86337282914129	2.57043003248622	3.09102290628964	0.520592873803422
128	0.290136952898718	0.115645990309067	0.617506778875557	0.50186078856649	2.50120081809419	2.20688778351556	2.76279196631624	0.555904182800678	2.7978018889337	2.59326540815121	3.06785223338791	0.4745868252367
299	0.374371414549755	0.159939746136831	0.601962667518233	0.442022921381402	2.44892522375641	2.24927293873166	2.74015381789998	0.490880879168326	2.84019391115684	2.56451476654998	3.06071936006496	0.496204593514977
152	0.342823765370258	0.188139454856128	0.544401452485731	0.356261997629603	2.44994338204466	2.25673972522743	2.69620141058716	0.439461685359731	2.79331453122072	2.60716444436059	3.07130879992885	0.464144355568255
221	0.367343270115945	0.175912959388153	0.541068736320976	0.365155776932823	2.50439104026513	2.2578144165319	2.70375969644132	0.445945279909415	2.86487465469259	2.57946372625736	3.10144155544361	0.521977829186249
428	0.330142822245209	0.176109878567743	0.537587738081949	0.361477859514206	2.48136816246637	2.22868960465739	2.68573286909412	0.457043264436725	2.81398865987302	2.58429308701596	3.07753693243291	0.49324384541695
493	0.415237614471477	0.223324560691733	0.702940242684574	0.479615681992841	2.4527739233957	2.22398512638296	2.65912321191576	0.435138085532802	2.88402123691203	2.68033479714543	3.11084953016307	0.430514733017643
463	0.340301797489162	0.0681719189048867	0.636492713329537	0.568320794424651	2.60099226313615	2.30590629731371	2.94816794277265	0.642261645458942	2.93124306210992	2.69017629490853	3.23201096060224	0.541834665693707
353	0.366068747304113	0.188153975247616	0.539045890698547	0.350891915450931	2.45531205833298	2.29368200748549	2.65749403823726	0.363812030751779	2.81804341209758	2.60401056200441	3.07128430139338	0.467273739388975
236	0.360486381222127	0.143655922449066	0.618894960561578	0.475239038112512	2.41930832096854	2.10749693349222	2.72693151938717	0.619434585894958	2.7806328232755	2.46741319926041	3.05872469554088	0.591311496280469
116	0.346343130467861	0.154764753024272	0.578567557480994	0.423802804456722	2.40654322849997	2.18307147350151	2.7169096938063	0.533838220304784	2.76869585814932	2.55233616889481	3.02775352388267	0.475417354987866
165	0.326647919149571	0.130664662319031	0.558183777405494	0.427519115086463	2.4491802035212	2.24241791059791	2.69435458172982	0.451936671131916	2.76789141778262	2.51197946409861	3.19083983337238	0.678860369273773
223	0.388248981436612	0.151627899171266	0.589395778383712	0.437767879212446	2.35539735259332	2.10722753103523	2.58612517591769	0.478897644882453	2.75347231563602	2.40336590905739	3.0099026119807	0.606536702923306
251	0.310629030569624	0.116437494145692	0.550305536206818	0.433868042061126	2.48076615829579	2.22982195298088	2.72149094738797	0.491668994407086	2.8093271344149	2.5301810498267	3.08105670964981	0.550875659823111
237	0.400009655925113	0.23374988182315	0.73521124466472	0.50146136284157	2.53465639614369	2.23629986871917	2.76924352439812	0.532943655678948	2.93984591619846	2.71970665286262	3.21848407217606	0.498777419313446
89	0.461913044930597	0.237441032497386	0.734306819267901	0.496865786770515	2.48327982588954	2.20651156479967	2.77039261615448	0.563881051354811	2.94278428408472	2.73293413247963	3.23392316658353	0.500989034103903
313	0.36832257478229	0.161351014070679	0.551385070459652	0.390034056388973	2.48445155235049	2.19734192488716	2.66930771117931	0.471965786292141	2.84588692199011	2.5562885703931	3.09391630607256	0.537627735679459
320	0.410921896543658	0.144892962778159	0.694943418338396	0.550050455560237	2.49841607472149	2.17379595123686	2.7322390313456	0.558443080108744	2.89652079327511	2.6144370807595	3.12479473942937	0.510357658669871
484	0.399375479767603	0.202215371372625	0.602332610399292	0.400117239026667	2.47977905943024	2.28203257261683	2.75700485407852	0.474972281461695	2.88039328750568	2.6047037718264	3.17830516154637	0.573601389719972
19	0.368041574221469	0.176097648896721	0.594976349019055	0.418878700122334	2.53432835848809	2.32598270952397	2.805458341557	0.479475632033033	2.91493285722422	2.69894741614675	3.18741963485384	0.488472218707089
30	0.354011511926924	0.160608529400952	0.592212361469849	0.431603832068897	2.47966293643573	2.29495418918126	2.7968357724941	0.501881583312844	2.83233639674101	2.63497771662295	3.15741956980844	0.52244185318549
310	0.340901528870162	0.0441636363266609	0.565481814350236	0.521318178023575	2.43844033642176	2.19340002118989	2.81902547441903	0.625625453229137	2.77834591606192	2.58011655141443	3.07715143577283	0.4970348843584
168	0.33449258905728	0.110285924513609	0.583196449666683	0.472910525153074	2.46161808387355	2.19856930405358	2.73879350941851	0.540224205364935	2.80644423814328	2.55162702070689	3.08459143165342	0.532964410946527
220	0.294094404591136	0.163926197130921	0.452463498363195	0.288537301232274	2.47385567117784	2.29155296673963	2.68503497635687	0.393482009617236	2.76699001151352	2.54731984214881	2.98071011143371	0.433390269284899
111	0.432452200824076	0.160925265969467	0.660236852406994	0.499311586437528	2.36508604490409	2.08935916931547	2.61539324691243	0.526034077596961	2.79834249762169	2.46110111560955	3.08841494277124	0.627313827161695
297	0.325398744110493	0.163605000519871	0.510927708142054	0.347322707622183	2.5240380155526	2.32529615866684	2.69116484763693	0.36586868897009	2.85113135802526	2.64343917408771	3.07938311444174	0.435943940354029
16	0.35349738578439	0.209154116406287	0.526981648615428	0.317827532209141	2.48318479333915	2.22276329687967	2.67556773781538	0.452804440935715	2.8291646777238	2.55798626426392	3.18717423967655	0.629187975412631
93	0.475095954015279	0.303644754768292	0.663859115247544	0.360214360479252	2.57205246257494	2.29786718870396	2.7647948322347	0.466927643530735	3.04400163143657	2.84836781829766	3.23213446618969	0.383766647892028
466	0.308279664220758	0.129394569192866	0.486355037738355	0.356960468545488	2.47874913632236	2.29250525576705	2.71771719703166	0.425211941264605	2.80123149473099	2.51533095323016	3.00964755228621	0.494316599056047
238	0.334271300384348	0.148528278510764	0.529533272698469	0.381004994187705	2.39111823797099	2.17269431970373	2.59601471732288	0.423320397619146	2.73391456604931	2.50314009073695	2.95105788302323	0.44791779228628
44	0.316453540340104	0.154745704294243	0.47963076165216	0.324885057357917	2.56227664555845	2.37254343581476	2.75262839479422	0.380084958979464	2.87809584153871	2.65618910624739	3.13482123893163	0.478632132684245
489	0.290945124454878	0.0979623589936775	0.528104928063417	0.43014256906974	2.51798539401953	2.23989912569817	2.69686807706842	0.456968951370254	2.79283536772107	2.56260236793775	3.05602078818624	0.493418420248489
437	0.36436194285722	0.160144482811473	0.523485182228588	0.363340699417115	2.51779749026765	2.30295366212006	2.69651277219608	0.39355911007602	2.87508394308847	2.68709787851722	3.05522958027987	0.368131701762656
160	0.400072641761945	0.0964117322568838	0.64849151351192	0.552079781255036	2.4539633214075	2.17991956121179	2.87252071192575	0.692601150713964	2.85314608114222	2.59815527344835	3.10491157304273	0.506756299594379
46	0.35295265424435	0.164961026370622	0.565833101611184	0.400872075240561	2.38915801235999	2.16548829040729	2.64953683988512	0.48404854947783	2.74402350189892	2.54311347780909	2.95436657645542	0.411253098646335
495	0.475636601577469	0.173349400697946	0.789680248747843	0.616330848049897	2.44874532532875	2.16147506309717	2.72970210504358	0.568227041946408	2.9121221854969	2.71608602138792	3.12660086165615	0.410514840268227
263	0.37176226781684	0.173318115470713	0.563254084213529	0.389935968742816	2.48828562245509	2.26427707413894	2.75514669944301	0.490869625304075	2.86119495031687	2.65387811418892	3.16790748668535	0.514029372496433
164	0.43316178139411	0.216992144809142	0.694912489919081	0.477920345109939	2.51872559631219	2.23866287157613	2.79270847283183	0.5540456012557	2.96877707517357	2.70541809869658	3.21729057604772	0.511872477351135
403	0.361428219222757	0.181976189325554	0.582793394411072	0.400817205085518	2.61498435340454	2.33866484821152	2.8283621348527	0.489697286641178	2.96703055360527	2.71880674881436	3.22878337815384	0.509976629339479
264	0.212200143490487	0.0310244442098952	0.369558225282139	0.338533781072244	2.59321992845111	2.41802331733005	2.78684829310017	0.36882497577012	2.80665016839066	2.59405413135976	3.0499379531628	0.455883821803039
334	0.152628414242937	-0.0595305848634937	0.343529474294862	0.403060059158356	2.62596587511004	2.38008184340596	2.92798625840096	0.547904414995004	2.78759647258745	2.54739961908773	3.05405106982725	0.506651450739519
100	0.345124267777075	0.159577990269274	0.508961914094738	0.349383923825463	2.50036057568894	2.31244778928394	2.73702802718307	0.424580237899124	2.84364277953743	2.58063587424278	3.06230274850239	0.481666874259607
90	0.396590885615273	0.199638672205348	0.633054850282467	0.433416178077119	2.5285922993056	2.25528422968579	2.80951038400217	0.554226154316381	2.93468544582568	2.70652309020196	3.16065429509053	0.454131204888575
461	0.416451665554154	0.0784476406141722	0.614955734925197	0.536508094311025	2.47689657857271	2.23429368143543	2.86255458550884	0.628260904073408	2.90317715638952	2.64400710770349	3.1488979989081	0.504890891204607
467	0.343909208163602	0.116559941452457	0.540028021685873	0.423468080233415	2.49519547523587	2.26786598695475	2.76645036048709	0.498584373532338	2.84790779901068	2.5816747792805	3.05054614699051	0.468871367710005
39	0.423032469820538	0.229355599846371	0.600160800897997	0.370805201051626	2.41962759866856	2.20286520079987	2.63596380962506	0.433098608825193	2.82447343533551	2.56191192693091	3.10665911848637	0.544747191555463
294	0.345551686722947	0.0953027241844986	0.586584965032171	0.491282240847672	2.54470711256553	2.34856930460427	2.77823165203569	0.42966234743142	2.90270383798268	2.66999559305221	3.14921038410654	0.479214791054335
239	0.430319780707685	0.279258046362202	0.668351982303724	0.389093935941522	2.36938890979574	2.14947977275221	2.59741884013949	0.447939067387276	2.80056499242735	2.57448759058991	3.06205674080705	0.487569150217141
300	0.339295579855285	0.126629494582423	0.564222942991949	0.437593448409527	2.50154220657403	2.21826226703209	2.78581300320397	0.567550736171887	2.85101609059496	2.59748181108121	3.08192313314752	0.484441322066314
318	0.366054469565894	0.193647142031056	0.682449181011614	0.488802038980557	2.47025653913782	2.14954504672903	2.69727650037864	0.547731453649615	2.83414292957503	2.57736956813872	3.12208504733468	0.544715479195962
13	0.364019518241292	0.165270917168972	0.531166512612803	0.36589559544383	2.47773381861208	2.29427322413714	2.7299602774648	0.43568705332766	2.8493316538581	2.6182200139923	3.09227709153242	0.474057077540119
321	0.293959247129094	0.11898274900794	0.486342046893181	0.367359297885241	2.48833887670011	2.15979003575839	2.83153139516788	0.671741359409483	2.77126995582383	2.42833166028867	3.19136791825277	0.763036257964098
330	0.340833142965842	0.178198047150783	0.512750422223897	0.334552375073115	2.50066058345571	2.26306138294291	2.68035786054978	0.417296477606871	2.83055944054913	2.59587624040899	3.10457764992122	0.508701409512233
338	0.46371398612218	0.256187962120279	0.711026236053594	0.454838273933315	2.51833261066172	2.2667090529931	2.75839116664043	0.491682113647335	2.98486223670608	2.72598648835359	3.23415982875721	0.508173340403612
442	0.357344321826364	0.205282692105708	0.496981703839733	0.291699011734025	2.51015621468475	2.33039229206297	2.6945068721419	0.364114580078938	2.85963260881982	2.63034073741613	3.0844179826482	0.454077245232074
88	0.356847141350907	0.163809819016099	0.547067911026559	0.383258092010461	2.44239271032945	2.20206988302908	2.6582698993574	0.456200016328319	2.79657611016322	2.53904091218276	3.03001183089215	0.490970918709388
21	0.398166204523494	0.1352999449246	0.646597461940865	0.511297517016265	2.45634306732436	2.16610727315607	2.70073014937067	0.534622876214607	2.85776176150606	2.58843220683753	3.0867276748145	0.498295467976971
398	0.346565665531176	0.153613972370187	0.57317914393879	0.419565171568604	2.49270334014829	2.29234816069783	2.71119027128817	0.418842110590338	2.84552353140274	2.64901133616027	3.09549943550383	0.446488099343566
407	0.306059862694435	0.102056571304602	0.514946124515648	0.412889553211047	2.48780906543229	2.22455906521007	2.72470690959653	0.50014784438646	2.80964056703535	2.56690993753286	3.00742518547164	0.440515247938783
284	0.26457826062823	0.0997610729903833	0.464806527485434	0.365045454495051	2.46937571621147	2.23936704819045	2.69943631098376	0.460069262793306	2.74108713326214	2.47600938519068	2.98697391234874	0.510964527158061
359	0.437428083923828	0.253027709147244	0.739622464610472	0.486594755463228	2.46836040095757	2.2743746684885	2.74524476655126	0.470870098062758	2.92727613638252	2.68345198768173	3.23919996091743	0.555747973235702
31	0.385472460502363	0.0718910735218199	0.605816432945388	0.533925359423568	2.42057783832408	2.19147904852786	2.73353919473251	0.542060146204657	2.82052491006639	2.57752678514795	3.07075598672667	0.493229201578721
460	0.397699881298871	0.182210997375754	0.628906223724651	0.446695226348898	2.44908796327798	2.20525222348627	2.66780353498098	0.46255131149471	2.84560849927855	2.5888142953098	3.10574225560242	0.516927960292617
296	0.304589228544068	0.115344240098933	0.472168498234518	0.356824258135585	2.50421522869645	2.27790054589888	2.7029330400634	0.425032494164516	2.80078822124596	2.56648358182136	3.00597717613487	0.439493594313519
411	0.327269559915973	0.143848147914308	0.480821561843688	0.33697341392938	2.55443039442736	2.31720837581858	2.78446065959479	0.467252283776209	2.86083496752179	2.65743483233958	3.11922190258905	0.461787070249464
230	0.326629762164373	0.0729660210391023	0.543967274785758	0.471001253746656	2.42293093104171	2.19247096676448	2.71448806985067	0.52201710308619	2.76403284411469	2.5105582740077	2.99427751052907	0.483719236521362
293	0.346679547426396	0.129569036227323	0.594899143099789	0.465330106872466	2.43283163684454	2.14487162472837	2.69894357046658	0.554071945738212	2.79282099497111	2.52263484987706	3.01598140080409	0.493346550927026
441	0.293139418293412	0.0480317811061987	0.53238212113905	0.484350340032852	2.49772617831262	2.21056262242291	2.78861421635114	0.57805159392823	2.79253687209871	2.56907038282289	3.02641032948284	0.457339946659944
9	0.37861203678927	0.146435646803764	0.677231576787549	0.530795929983785	2.6029825676396	2.31591542951982	2.91179220852417	0.595876779004354	2.99037485268492	2.76818412356196	3.24485323117318	0.476669107611218
500	0.383034277809626	0.199095077934616	0.632808362233556	0.43371328429894	2.45107710501112	2.16201679604571	2.64609700540721	0.484080209361507	2.82815695908342	2.60357842169005	3.08719460769897	0.483616186008914
304	0.388486742679586	0.216876763658806	0.628453062475728	0.411576298816922	2.47168245621621	2.21854395828359	2.6784921066393	0.45994814835571	2.8442984993433	2.66158127787352	3.11971154242694	0.458130264553418
42	0.37307363836065	0.203438694417361	0.610362477337795	0.406923782920434	2.42886144700017	2.15343643056445	2.64533824927709	0.491901818712638	2.8049882834578	2.56744267868031	3.06434214349932	0.496899464819006
291	0.476024151434098	0.203016584254526	0.731687414186191	0.528670829931665	2.48028742167931	2.20099702581054	2.71166022682083	0.510663201010293	2.95687956831143	2.65421558620641	3.22005163918928	0.56583605298287
322	0.332978183350336	0.0949522324231774	0.577960941887455	0.483008709464277	2.51726948300996	2.28027646056675	2.73231637550838	0.452039914941633	2.84661464880445	2.61089886002992	3.08097772098316	0.470078860953244
368	0.348024866432054	0.150902686374322	0.532384471849701	0.38148178547538	2.44424906457246	2.19729419356288	2.62127982524826	0.423985631685373	2.77901780728581	2.50398336192266	3.01401621276872	0.510032850846056
479	0.352266614270152	0.159315321068609	0.654013531870913	0.494698210802304	2.46027385762644	2.19275461047386	2.66886069763621	0.476106087162351	2.79513845420998	2.55495055525753	3.15087809099467	0.595927535737149
278	0.412070519388172	0.182639274770322	0.634055370433797	0.451416095663476	2.41516249313526	2.20756971428156	2.6729198905115	0.46535017622994	2.8330303629015	2.5606856829783	3.06677823858865	0.506092555610352
266	0.363308492571314	0.166027467446645	0.562289728270361	0.396262260823716	2.39930709356401	2.19017070444432	2.65502834892123	0.464857644476911	2.76487185490165	2.52094422151665	2.97231977559544	0.451375554078795
20	0.204816152364283	0.0211347825286297	0.363529455740954	0.342394673212324	2.54130897462632	2.34538875819485	2.7600149296432	0.414626171448349	2.75484799136993	2.50121428440509	2.99246154525529	0.491247260850205
172	0.295537331515907	0.0876840202325282	0.519313147002566	0.431629126770038	2.39357464108425	2.14806152418101	2.71079178675667	0.562730262575659	2.68593818993106	2.42885862204661	2.95560285880843	0.526744236761814
459	0.38122552329328	0.0561759318950735	0.706231961184149	0.650056029289075	2.58821321208626	2.34347265099833	2.94881851573148	0.605345864733148	2.98345303548948	2.78819490303543	3.222943799549	0.434748896513572
271	0.407044545789264	0.209241983171096	0.630125458143703	0.420883474972607	2.42851165403369	2.24563641449873	2.72853629971178	0.482899885213052	2.83031379968735	2.60444532369995	3.19215934478505	0.587714021085105
68	0.375157697687764	0.202771077908152	0.561622445799955	0.358851367891803	2.41842717277892	2.21035432529523	2.60384942765706	0.39349510236183	2.81111089767946	2.52794824849881	3.03597424584608	0.508025997347265
333	0.292329496361643	0.0950141157875115	0.465211261694268	0.370197145906756	2.39527983778953	2.21961695880367	2.62152156146863	0.401904602664968	2.69363087993214	2.41713415208439	2.9613462739569	0.544212121872516
91	0.31059828575863	0.152260335831367	0.56532233277778	0.413061996946414	2.51491768331597	2.26729591906397	2.73360469209152	0.466308773027549	2.82958635418071	2.56082148912899	3.09684962898542	0.536028139856427
227	0.273945990273745	0.0315469914561977	0.485074463680087	0.453527472223889	2.40774060520255	2.11209563098681	2.66826731283014	0.556171681843324	2.68975121535113	2.44242558278302	2.92100356136811	0.478577978585087
276	0.391786168615699	0.202113083196171	0.58693191680313	0.384818833606959	2.48467143025278	2.26277368317751	2.75344908372956	0.490675400552053	2.88332925985406	2.66390123398618	3.11191961661123	0.448018382625046
14	0.367857060616164	0.169672678525118	0.645588207494417	0.475915528969299	2.4713645402199	2.22446598750041	2.7626772313611	0.538211243860697	2.85541820492345	2.61978220635059	3.1105029212449	0.490720714894316
169	0.295382314771809	0.12267947315502	0.467884235841571	0.34520476268655	2.47925889898563	2.25334912029154	2.67692804746985	0.423578927178309	2.7774300362584	2.57341721096552	3.01943701293272	0.446019801967195
92	0.329909300353195	0.155744025763014	0.543739346165868	0.387995320402854	2.47971195238001	2.23610810416428	2.66049654762472	0.424388443460439	2.81524706829705	2.56579503137559	3.0353529686218	0.469557937246209
222	0.228589130325418	-0.00166259898769212	0.424553987345922	0.426216586333614	2.48835969152453	2.29129085764304	2.74376154582867	0.45247068818563	2.71264240276614	2.48935279087869	2.94657471821414	0.457221927335448
481	0.37542468898101	0.151771228409436	0.605781157112474	0.454009928703038	2.42581966009474	2.15986424904013	2.68794720728841	0.52808295824828	2.82068222664566	2.60512634211619	3.02733908257506	0.422212740458869
473	0.363749468028506	0.18234529026454	0.559642560625952	0.377297270361412	2.4540889759504	2.24460857293111	2.66198604989894	0.417377476967831	2.82220242670549	2.58501220089634	3.04994296921824	0.464930768321895
405	0.238773679304105	0.0459712021984446	0.501727972155179	0.455756769956734	2.5423482462981	2.236207773931	2.84744953666526	0.611241762734263	2.78899682258188	2.57152888105293	3.03447561839503	0.462946737342101
35	0.333671389386972	0.152717805413328	0.538823783368421	0.386105977955093	2.42508755107695	2.1910578833846	2.75771550438812	0.566657621003517	2.75763997042907	2.51557930727874	3.16806851770546	0.652489210426713
410	0.340014063564816	0.096672567501384	0.537242423052491	0.440569855551108	2.62589104958319	2.39587691177478	2.95466882654529	0.558791914770512	2.95738346762598	2.7350722579821	3.22644304178593	0.491370783803829
446	0.154947712985776	-0.075059927282557	0.356760288288137	0.431820215570694	2.72647186914288	2.45874457178002	2.99785152467741	0.539106952897389	2.8717194186934	2.63464065979066	3.1341933709021	0.499552711111445
457	0.281777101440969	0.0437857847602374	0.50768811842873	0.463902333668493	2.45962099800871	2.24763522409671	2.65935513638297	0.411719912286258	2.74178932146412	2.51735469003889	2.96106294132054	0.443708251281647
282	0.277873438290758	0.13245682948226	0.462206415519964	0.329749586037704	2.46464117663011	2.25753750679206	2.61877445167612	0.361236944884063	2.74126716467732	2.41949861873942	2.95195482216131	0.532456203421892
12	0.258669941004347	0.043984564836803	0.520015783256392	0.476031218419589	2.42735209967255	2.17784290978728	2.67556755042597	0.497724640638685	2.68650405297363	2.42902399331871	2.92871440440348	0.499690411084769
129	0.487105754008913	0.219418185400626	0.747535619661185	0.52811743426056	2.36499271152805	2.131575508985	2.66729194905578	0.535716440070776	2.85681974130066	2.57394706112147	3.07304151363745	0.499094452515989
144	0.437685384732688	0.232708486989256	0.603260264633179	0.370551777643923	2.45968760811824	2.26853571537422	2.74130192493316	0.472766209558932	2.91367333336304	2.65501801035435	3.18703554765955	0.532017537305204
118	0.316672090379086	0.128559997872811	0.482080408008868	0.353520410136057	2.52652787961836	2.27777447888454	2.73802414194613	0.460249663061594	2.84280012262892	2.57113332248691	3.04024006744967	0.469106744962757
456	0.36090791480261	0.150792118009793	0.590922027236386	0.440129909226593	2.55570589807901	2.30357271618497	2.8436399962092	0.540067280024231	2.93198021146246	2.68095217899941	3.17654249722477	0.495590318225364
279	0.33108501557855	0.129253656485558	0.532640507519213	0.403386851033655	2.54938043171997	2.35363007866906	2.82308171645845	0.469451637789388	2.90002243805063	2.65546063169313	3.09721877060284	0.441758138909712
365	0.291782358096533	0.0925620387538163	0.509642218110275	0.417080179356458	2.4569993208358	2.23310113963817	2.70779790276271	0.474696763124537	2.75054241406855	2.53662046628556	2.98147051894487	0.444850052659304
488	0.394329722970816	0.245425260691616	0.581181972629673	0.335756711938058	2.47663458623923	2.20862765648197	2.70529469558746	0.496667039105482	2.86428848378898	2.66251301044105	3.06169351273375	0.399180502292701
287	0.396668257795881	0.187028229048781	0.658396203136173	0.471367974087392	2.43955839458044	2.19506989231302	2.65450274081467	0.45943284850165	2.83760017222277	2.55194273883048	3.12950577636466	0.577563037534178
18	0.443104900843849	0.256372472403588	0.633937652977222	0.377565180573634	2.44876257672341	2.23529021425875	2.70184947679776	0.466559262539011	2.87453167819572	2.67651683060433	3.13203124048853	0.455514409884191
139	0.37187305606781	0.171011354471466	0.655101549953427	0.484090195481961	2.43154463506635	2.05105212130481	2.63093084270221	0.579878721397395	2.80411194658346	2.54678369931116	3.01443683885519	0.467653139544027
379	0.326684683601356	0.106326159123457	0.593364339731799	0.487038180608342	2.60562793781415	2.32868026898864	2.84758129382073	0.518901024832091	2.92346235369577	2.69678051960567	3.19389175355539	0.497111233949717
292	0.390810481853182	0.172258667456139	0.575095579217219	0.402836911761081	2.52581718645874	2.34083820586586	2.75010712846757	0.409268922601714	2.92564003679294	2.67611046046797	3.18446669047995	0.508356230011984
43	0.356653456513318	0.145732344812695	0.602053342268593	0.456320997455898	2.52642034259197	2.33105465636508	2.79846716379489	0.467412507429813	2.88433749005529	2.66161209967481	3.20623801034072	0.544625910665906
45	0.379015279467389	0.172925021499388	0.633514203250033	0.460589181750645	2.44745952061469	2.14574457377074	2.65095100463358	0.505206430862841	2.821193070018	2.56994633070526	3.07998644320049	0.510040112495228
290	0.329453394289872	0.141576370503396	0.504018488968333	0.362442118464937	2.49110331858269	2.2870425963135	2.70683970726137	0.419797110947874	2.83184508640343	2.59398619616186	3.07600239867905	0.482016202517191
455	0.373012542404025	0.116123286946687	0.583873378568279	0.467750091621592	2.42465559343377	2.18119186218036	2.7033666852209	0.522174823040548	2.78329431849945	2.53407726543567	3.02725156699092	0.49317430155525
324	0.458013648587394	0.20634991986876	0.692069189732078	0.485719269863318	2.45000411785329	2.21168325164387	2.71394563660297	0.502262384959098	2.90475624660905	2.59270812897703	3.1534306714693	0.560722542492274
234	0.361035254248619	0.197864130809111	0.587704867985342	0.389840737176231	2.32480137324374	2.10843631631863	2.49805454560169	0.38961822928306	2.68668903697143	2.46787073514238	2.94631724198293	0.478446506840552
357	0.371749000540252	0.186532253628746	0.562509287826689	0.375977034197942	2.45311852105046	2.2557464587439	2.64966500659109	0.393918547847194	2.82522082126768	2.6404272008432	3.08044092455316	0.440013723709956
240	0.363862736297091	0.157490779910695	0.605571514595702	0.448080734685007	2.35728903545696	2.14603267156772	2.67356397846475	0.527531306897031	2.74192850123086	2.50800522156981	3.0141230232872	0.506117801717386
143	0.36038120125751	0.16460325661745	0.539961816653632	0.375358560036182	2.54999176971486	2.2631944805008	2.80993196370458	0.546737483203779	2.88705557209933	2.59636757629935	3.21292383943708	0.616556263137724
275	0.351655966231592	0.117398766308026	0.618664727158895	0.501265960850869	2.44704094602938	2.09223724473226	2.71128711486424	0.619049870131983	2.80115813266506	2.55637140642204	3.03848532809082	0.482113921668781
474	0.389594792143533	0.206952735954345	0.575858277211443	0.368905541257098	2.48272225647096	2.27519160855301	2.6944006470478	0.41920903849479	2.87830703253432	2.63315899632084	3.12982561236336	0.496666616042523
451	0.338261631090813	0.145540912086424	0.527711258975952	0.382170346889527	2.50016079612103	2.33113642111688	2.77484695162999	0.443710530513107	2.84684734318311	2.6165973150203	3.14032273025062	0.523725415230325
409	0.314496126893199	0.13145925166491	0.552718558490959	0.421259306826049	2.46404129430227	2.16814922782685	2.75653656520504	0.588387337378195	2.79130367924995	2.56105473494107	3.04885424939614	0.48779951445507
216	0.360255443116303	0.167063320912212	0.603619441053073	0.436556120140861	2.55558817771401	2.26714622217374	2.78296705435831	0.515820832184561	2.91803534576427	2.59070602899012	3.20832528932301	0.617619260332888
130	0.246206210948612	0.0538166091258898	0.527472559188379	0.473655950062489	2.55314908220092	2.24635339022264	2.8595437954141	0.613190405191459	2.82066086512708	2.55430444589914	3.06973709340311	0.515432647503967
285	0.386232320397164	0.184951355797454	0.601889096275411	0.416937740477957	2.47846111458038	2.1838309746073	2.70965529592046	0.525824321313161	2.86917466618312	2.61987555616112	3.13083901303028	0.510963456869159
269	0.467058023397795	0.280489509766358	0.658690139745963	0.378200629979605	2.40997859724155	2.19251149915911	2.7111828553368	0.518671356177689	2.87351354763155	2.6235170734972	3.18501659942426	0.561499525927057
434	0.258286611692892	0.0260569482035246	0.476437136960458	0.450380188756933	2.58027967220478	2.35618381494108	2.83497798035446	0.478794165413388	2.83954263963843	2.51097044688395	3.09177630075549	0.58080585387154
327	0.399379312373161	0.161517911798035	0.631930173944272	0.470412262146238	2.44625307054573	2.20386447503141	2.74599152718603	0.542127052154613	2.84076768540172	2.60847474248325	3.14206740957036	0.533592667087109
406	0.307102649490592	0.0760898638955116	0.554929906545315	0.478840042649804	2.39833677628036	2.12876712111251	2.70440619375144	0.575639072638939	2.72592916957475	2.4569062817072	2.92870483098953	0.471798549282329
392	0.383339793150216	0.215464844012201	0.564539951627259	0.349075107615058	2.40147309638175	2.22138094522996	2.59807048268321	0.376689537453249	2.78150362408333	2.51867106429887	3.04415468725312	0.525483622954244
480	0.375517519799028	0.162887870386985	0.625993813005286	0.463105942618301	2.50979804532019	2.28486065828111	2.77929232220898	0.494431663927869	2.87600449614545	2.66699699969643	3.13014687426922	0.463149874572785
443	0.389767823019286	0.102548286736135	0.629051146241648	0.526502859505513	2.57821465240275	2.35354263821545	2.84692037027014	0.493377732054686	2.98039687586289	2.72676835638371	3.20311578788023	0.476347431496519
469	0.375252205281672	0.157771774043193	0.643188530610378	0.485416756567185	2.46458097190267	2.23548934044343	2.67790366889105	0.442414328447627	2.8372987861755	2.59742206566295	3.07648073206399	0.479058666401035
486	0.240560776799849	0.00554049140188871	0.423357544461126	0.417817053059237	2.53435592469961	2.30249243647286	2.80772804931514	0.50523561284228	2.7739953171324	2.56569950007913	2.98872925654684	0.42302975646771
454	0.369405715748804	0.170667014707083	0.577749220058817	0.407082205351734	2.45062930330435	2.22640048717023	2.66896269623266	0.442562209062439	2.81927689198687	2.54945467766115	3.03931250109399	0.489857823432841
10	0.401397134888167	0.199811725939281	0.655304473773348	0.455492747834067	2.40707581610586	2.22127813644738	2.66783172145223	0.446553585004852	2.81150010901736	2.60159188780808	3.05216494270431	0.450573054896224
436	0.269883430271886	0.115236431000988	0.438949111460201	0.323712680459213	2.49198000702478	2.30069682046922	2.69296997664396	0.39227315617474	2.75752484612804	2.56861028569938	2.98113413461014	0.412523848910762
452	0.32603414194389	0.141974627051458	0.536608246496693	0.394633619445235	2.38083614495665	2.11236108802833	2.68730962760087	0.574948539572537	2.71213890434696	2.44408322924549	2.96092176601943	0.516838536773942
468	0.407591906158329	0.211512240931885	0.628507996741547	0.416995755809662	2.50359273823846	2.27921312481948	2.73984072880057	0.460627603981083	2.89740350076964	2.68266553904687	3.18338980987229	0.500724270825411
314	0.407972257575794	0.242066480159829	0.613093417649284	0.371026937489455	2.45530646968318	2.22078949959997	2.63651372462063	0.415724225020663	2.86950592483309	2.57338082271666	3.12250210544998	0.549121282733323
6	0.332833532685374	0.14335933180734	0.505342324824387	0.361982993017047	2.51894265211832	2.3173573989867	2.8240234177719	0.506666018785204	2.83701948019608	2.62291459392644	3.13445061925434	0.511536025327902
404	0.153811213022978	-0.0541969185502686	0.377423964071279	0.431620882621547	2.58062666448749	2.36226002182227	2.83018047981647	0.4679204579942	2.74931907738997	2.51372340282629	2.9755104509224	0.461787048096113
147	0.250019046989681	0.0850341671847754	0.436089105657298	0.351054938472523	2.52297609643748	2.25834752654592	2.71650243362347	0.45815490707755	2.78137707114414	2.48310682622599	3.01739466019298	0.534287833966987
326	0.360936771896294	0.224395118259591	0.51088026513929	0.286485146879699	2.48781166628257	2.29001995943851	2.6702972903396	0.380277330901084	2.8364533296926	2.57982111428985	3.05301773001949	0.473196615729642
396	0.286418960996354	0.1151452985696	0.509704089514947	0.394558790945347	2.56701290500851	2.30669985700955	2.78291372457284	0.476213867563294	2.85785781861071	2.60842021553895	3.09663132160602	0.488211106067073
337	0.347235220084548	0.181824706566711	0.54182771456692	0.360003008000209	2.42650448234113	2.17683263180054	2.61231442767747	0.435481795876924	2.78057520798763	2.49090029435545	2.97748775634463	0.486587461989178
224	0.407575888835698	0.197517904458672	0.590294205318774	0.392776300860103	2.46710706831412	2.24130721347013	2.67655868869424	0.435251475224108	2.86553483819827	2.64321125453487	3.12084226017954	0.477631005644673
397	0.444458660016316	0.213476847559991	0.713776821653908	0.500299974093917	2.42447882071548	2.15309592743503	2.7192763261112	0.566180398676168	2.86459425376619	2.65151495383387	3.13471730467588	0.483202350842006
465	0.322618404222991	0.0701324824153686	0.545175477404751	0.475042994989382	2.49976103015359	2.24296783584889	2.88129521843718	0.638327382588295	2.80623805719997	2.55307365684799	3.05775245701913	0.504678800171144
55	0.420165684583243	0.24305232862347	0.6339263455741	0.39087401695063	2.41987713848344	2.16948101518508	2.64817305820986	0.478692043024778	2.82887930853746	2.561859884401	3.1027888643628	0.540928979961802
102	0.436209032810205	0.247215446876184	0.649694466842044	0.40247901996586	2.39607388305899	2.18454517641039	2.6732657660444	0.48872058963401	2.83641051706025	2.59304353995714	3.07638089963948	0.483337359682336
244	0.30545774330563	0.104911636301943	0.508804415864662	0.403892779562719	2.48094662120188	2.25843653151495	2.68593270564813	0.427496174133179	2.79206963540952	2.56381150766788	3.03473225677921	0.470920749111332
346	0.372872820153678	0.112542315207593	0.612881501406808	0.500339186199215	2.53758793792636	2.26407116577881	2.82787613003238	0.563804964253578	2.90375844756027	2.62420430289915	3.13880804768641	0.514603744787266
371	0.389737044430281	0.186598114115311	0.624299312008464	0.437701197893153	2.50507308532884	2.23074266466652	2.73379175073557	0.50304908606905	2.88796738551814	2.61782242627398	3.14360889299312	0.525786466719142
478	0.412242172136863	0.193397502402231	0.615385646050171	0.421988143647939	2.55850683225203	2.29538088321175	2.82993508245527	0.534554199243519	2.97870922478176	2.73816773607166	3.21090122849012	0.472733492418463
158	0.483945981706325	0.283514148230913	0.659397955570625	0.375883807339712	2.47352678106089	2.30369154098577	2.72930211571027	0.425610574724493	2.95039179581434	2.68453444301491	3.20993277650375	0.525398333488839
401	0.298954631589079	0.146470166802219	0.502805605612538	0.356335438810319	2.54212818263411	2.36753054252535	2.71466859022599	0.347138047700639	2.83860249231182	2.61231045604686	3.09528251823921	0.482972062192355
385	0.408531239916432	0.226492527076231	0.568256825151876	0.341764298075645	2.58683728813185	2.3721018678461	2.80543271007809	0.433330842231992	3.0007097828286	2.76611408514627	3.20121827264038	0.435104187494119
498	0.299754518361877	0.114501552618184	0.509077120777448	0.394575568159264	2.48507854872938	2.21901275993695	2.69112552106024	0.472112761123294	2.78542368273578	2.46830032578429	3.01625937655498	0.547959050770688
180	0.423731704675904	0.138476886418058	0.656397424284369	0.517920537866311	2.38871377665203	2.16033725121846	2.76000971283068	0.599672461612226	2.81437983267967	2.61336618919866	3.07506459449968	0.461698405301014
490	0.408922488203256	0.203055303788006	0.590513049876907	0.387457746088901	2.48001730085566	2.22819792821374	2.74744505779524	0.519247129581498	2.89255713377269	2.61565953298564	3.11315730483551	0.497497771849868
288	0.33915331024259	0.144311466402077	0.552664977107786	0.408353510705709	2.57388914493724	2.34510641521903	2.75935610423259	0.414249689013562	2.9122888573508	2.66059838537553	3.14513587257914	0.484537487203615
267	0.410058885837562	0.241069973113231	0.586477855503927	0.345407882390696	2.4411142943413	1.94518902600557	2.63601210799681	0.690823081991242	2.85285020712507	2.58480070666681	3.09644225456034	0.511641547893535
471	0.335897303808583	0.156963193342682	0.511132128980987	0.354168935638305	2.40574169870426	2.21928589819761	2.61560915700676	0.396323258809141	2.73145544533588	2.45316013234726	2.99466585225818	0.541505719910924
295	0.343437660036402	0.160943814771606	0.536468460074977	0.37552464530337	2.47617512055467	2.23271811618631	2.7564665411071	0.523748424920785	2.82685335244492	2.59628257121159	3.07847278711892	0.482190215907333
400	0.374192894779489	0.21159762977141	0.628872960775684	0.417275331004273	2.41689611881927	2.17380481869712	2.61032636460266	0.436521545905532	2.79639591870081	2.55624059282764	3.10247600777853	0.54623541495089
229	0.361639577185904	0.176565643686441	0.59241469027136	0.415849046584918	2.41180862216278	2.15166045685432	2.62363390869259	0.471973451838268	2.77610953749143	2.5737658366417	2.99774586578782	0.423980029146116
5	0.42896967420474	0.244599138425387	0.651532370002112	0.406933231576725	2.43260474318504	2.14997756582614	2.63227380368453	0.482296237858393	2.86022741747997	2.55752802425177	3.056123528786	0.498595504534224
4	0.361983724608017	0.137755799058932	0.578725959360116	0.440970160301185	2.46253918032181	2.2468275502078	2.71703134257147	0.470203792363676	2.82433737822973	2.60542571140592	3.02867541108342	0.423249699677506
499	0.273207222930319	0.131814308349925	0.463596859936719	0.331782551586794	2.60860200735739	2.40397671099252	2.84485353558706	0.44087682459454	2.88611906849567	2.67538397392913	3.11774111785581	0.442357143926674
439	0.402416112156351	0.180522812253203	0.616572935516126	0.436050123262923	2.45672050094087	2.23092285598481	2.69437260868923	0.463449752704427	2.85786462462947	2.53295641134457	3.12463428029955	0.591677868954981
17	0.397633550855006	0.161550360989455	0.60158846296135	0.440038101971895	2.5861542473322	2.34113739907138	2.80644942190662	0.465312022835239	2.99204860807217	2.75364304166082	3.20134328622573	0.44770024456491
15	0.309212030197454	0.0879273615510791	0.547774820113965	0.459847458562886	2.43568163936179	2.14380767405846	2.66883307835815	0.525025404299692	2.72961285821986	2.52204309537937	2.97378107375103	0.451737978371658
425	0.213198533281737	-0.0460218819941284	0.484810120404096	0.530832002398225	2.59616167263692	2.35925142989465	2.88575645204074	0.526505022146094	2.8208912753476	2.59913957336538	3.11315389696674	0.514014323601356
323	0.467401047735012	0.191369413313904	0.76180513951815	0.570435726204246	2.42338960622689	2.09168872024062	2.70382738042016	0.612138660179541	2.88703053506338	2.59073361774548	3.19698954645711	0.606255928711623
159	0.346006860619616	0.18390063581845	0.603838344908623	0.419937709090172	2.5135375286979	2.2774241675473	2.7479612112282	0.470537043680903	2.86311471790841	2.61230684876789	3.11805838312003	0.505751534352136
274	0.307104531724537	0.118699865425451	0.484276531161821	0.36557666573637	2.43305236123792	2.24996069240172	2.69587000767696	0.445909315275239	2.74873072229591	2.55098893274865	2.95717445989612	0.406185527147477
424	0.308282346626926	0.0318907427021891	0.482797661380943	0.450906918678754	2.48845114827798	2.27026845913201	2.77788394838006	0.507615489248048	2.79849728983105	2.55486484114973	3.02495749015582	0.470092649006087
450	0.2754739915213	0.00772567066688264	0.490567798151118	0.482842127484235	2.48689565392334	2.27539201244424	2.69308802245241	0.417696010008171	2.75167170541726	2.54934599445276	2.97416664115449	0.424820646701736
435	0.424382329383185	0.253049981461824	0.695404705731406	0.442354724269582	2.49320682548381	2.19999431123361	2.73516229021607	0.535167978982452	2.91898508052918	2.67121932401277	3.27162996853764	0.600410644524873
256	0.288216761382913	0.041667146515814	0.507097519127481	0.465430372611667	2.38674371022852	2.12863802952963	2.67496658175133	0.546328552221702	2.67243832510543	2.43307262710644	2.9624494610407	0.529376833934268
328	0.302925348123352	0.151134171514075	0.425443024895911	0.274308853381836	2.452626330713	2.29085962354476	2.61668299277656	0.325823369231795	2.74345929053978	2.55540063375944	2.95968511909656	0.404284485337122
283	0.384326808181823	0.202689842751387	0.593295715041217	0.39060587228983	2.47392410683012	2.23459790494358	2.74602998200039	0.511432077056807	2.87841221053923	2.536056211124	3.13979716326756	0.603740952143551
157	0.322085529212391	0.0984116628414997	0.557905006611695	0.459493343770195	2.49488581840909	2.2609712087686	2.74996303637729	0.488991827608693	2.8172526327257	2.54683904479934	3.06257391466229	0.515734869862949
370	0.326943402977442	0.0856402361339016	0.537958609164919	0.452318373031017	2.45540703531597	2.18898680215128	2.67294170552339	0.483954903372109	2.78708210091214	2.56315220228153	2.99480017266235	0.431647970380822
131	0.315123834356985	0.105180639495403	0.531033977936882	0.425853338441479	2.5460017854791	2.33197911005346	2.79863654094049	0.46665743088703	2.86414670001094	2.62756673601414	3.11213433013176	0.484567594117625
273	0.327857686389052	0.141507771890131	0.545812932614598	0.404305160724467	2.47861621385038	2.31730027640605	2.77243478025273	0.455134503846682	2.804852176439	2.57587844355713	3.07503849933856	0.499160055781434
335	0.536458048704903	0.342540387760616	0.765663846833291	0.423123459072675	2.4154335307504	2.1759329999279	2.66490037007949	0.488967370151591	2.96724788288573	2.72939233646074	3.22946372766623	0.50007139120549
383	0.340077722341901	0.175347789367007	0.578684321295286	0.403336531928279	2.55900815573771	2.30381536125384	2.79222979512756	0.488414433873722	2.90237122944108	2.66222718407596	3.15351167917824	0.491284495102283
142	0.486689168943683	0.187075396783043	0.732555820071674	0.545480423288631	2.36937600020096	2.12023582824499	2.61752541619138	0.497289587946395	2.86115135227522	2.60698978380224	3.13504835056854	0.528058566766297
156	0.495903078411188	0.278843872991048	0.864478187375126	0.585634314384079	2.40073993831002	2.17546854086033	2.68349110310467	0.508022562244336	2.91277767278863	2.61206882471683	3.17960978152555	0.567540956808716
462	0.383085759243115	0.179509437178316	0.67816715224888	0.498657715070565	2.44926865517786	2.20630434138584	2.68802915117539	0.481724809789554	2.82129364572727	2.63980028789176	3.11394504542749	0.474144757535734
380	0.368338505254564	0.0950002294523595	0.582832330014833	0.487832100562474	2.45117421724204	2.15516507597431	2.65697928503765	0.50181420906334	2.80858652914502	2.50780054052432	3.05553390794012	0.547733367415798
174	0.314874138459818	0.109295728187697	0.509536150706668	0.400240422518971	2.37522953360071	2.14408258369299	2.59604931546585	0.451966731772856	2.6755398992276	2.48817396274465	2.94389229147073	0.45571832872608
458	0.336109581055615	0.162291834884325	0.510974294957398	0.348682460073073	2.57609546111218	2.39321510347775	2.75698029330808	0.363765189830327	2.92539423519547	2.68304620443693	3.14697815971007	0.463931955273144
268	0.325710697441363	0.14013445080879	0.534508123463208	0.394373672654418	2.47212740583501	2.31261396036807	2.68695421345317	0.3743402530851	2.79269273890591	2.56613143756604	3.05097448467337	0.48484304710733
124	0.36283386066271	0.128653684396954	0.601019253906602	0.472365569509648	2.46137730215953	2.24376372981936	2.79032186025382	0.546558130434457	2.83775106178382	2.61151622507899	3.15096301449358	0.539446789414595
1	0.47090733172594	0.240344099419148	0.718388706226052	0.478044606806904	2.39195868045945	2.10176789133007	2.66749648448859	0.56572859315852	2.87361403971055	2.65554918046053	3.15168596311505	0.496136782654515
422	0.297017459767663	0.102293675710077	0.52585835094874	0.423564675238663	2.52454939690695	2.28599200044894	2.76960445987589	0.48361245942695	2.81820579571092	2.5868496737245	3.06550592427785	0.478656250553352
391	0.421015374235914	0.225051024722727	0.707733811004888	0.482682786282161	2.5200848484064	2.30285537758099	2.77526730714816	0.472411929567166	2.95165608406016	2.73205514915728	3.20670095504829	0.474645805891015
272	0.273947739227856	0.129038721848408	0.448894200022705	0.319855478174297	2.47831169506378	2.26989036513935	2.71966546834518	0.449775103205831	2.75793848246964	2.5019258095505	3.00489995836507	0.502974148814572
445	0.368132165649785	0.116524031981513	0.595030282152379	0.478506250170866	2.44700573173356	2.10923235176897	2.70031286863252	0.59108051686355	2.81589032497029	2.47844546579609	3.02215612326563	0.543710657469545
388	0.298302098776352	0.130142875840255	0.452195431248211	0.322052555407956	2.50527029542321	2.30051482789196	2.69738676709576	0.396871939203794	2.79353712170855	2.55846680874908	3.08239557044872	0.523928761699636
421	0.248896487981388	0.0841818972492814	0.394119661270174	0.309937764020893	2.50984954601814	2.34960417515934	2.70545052546211	0.355846350302766	2.76256077121227	2.54773141173358	2.97063254956523	0.422901137831655
378	0.159475792334057	-0.0130742560400654	0.326657830320644	0.339732086360709	2.63262139807457	2.40526715284225	2.86928618610262	0.464019033260369	2.79800356212526	2.56153877125529	3.04313545610854	0.481596684853248
8	0.496568872929806	0.304283558979091	0.73883014137564	0.434546582396548	2.41123712122544	2.07447453691912	2.64953528780207	0.575060750882946	2.91686998967235	2.6764295542378	3.14793132310849	0.471501768870694
145	0.241379666952008	-0.0042697762596338	0.474000874371624	0.478270650631258	2.46116560325963	2.16624215524522	2.71363987109746	0.547397715852238	2.71019068807205	2.42695716030633	2.93734175347713	0.510384593170806
393	0.347768448251771	0.162820030372774	0.577246463078809	0.414426432706035	2.44517619600438	2.25306660481874	2.66081847722644	0.407751872407705	2.78588581059435	2.58269087805916	3.01235118592326	0.429660307864104
453	0.364924318973209	0.121614837390888	0.588976559020311	0.467361721629423	2.35759912596035	1.98059613722057	2.64538493103398	0.66478879381341	2.71975972706087	2.42975430261173	3.01524336519885	0.585489062587123
494	0.315129239984183	0.132284063256828	0.523614705789344	0.391330642532515	2.36880525424793	2.02975930841581	2.5356354486114	0.505876140195589	2.67496447924339	2.39940829292458	2.94508860624783	0.54568031332325
377	0.326375504650514	0.144811362624456	0.538187623250977	0.39337626062652	2.39441042003733	2.14453275506492	2.61401536974257	0.46948261467765	2.73430552307322	2.47517102734068	3.01365964014283	0.538488612802149
349	0.365985949476848	0.0564496300051618	0.586756899650595	0.530307269645433	2.47890299011791	2.23366760512464	2.83439945866328	0.600731853538641	2.8446266628516	2.6283571911959	3.10307953865235	0.474722347456455
413	0.316099785079663	0.14739809579349	0.490256237917395	0.342858142123905	2.53059255691886	2.31031733027101	2.7926189520593	0.482301621788292	2.84430870292445	2.62390486464096	3.09345561481143	0.469550750170473
176	0.2823545568212	0.05063328138275	0.493928779099542	0.443295497716792	2.53471312961223	2.28314634762673	2.78689009272065	0.503743745093922	2.82042361979938	2.5729521814595	3.05655649049708	0.483604309037573
150	0.386011600977857	0.179501246312775	0.607333948544384	0.427832702231609	2.385102194925	2.16482070024859	2.61113182229949	0.446311122050896	2.76520899233951	2.49864793732101	3.00392271733026	0.505274780009249
483	0.382590143673967	0.196271219067145	0.583709326562073	0.387438107494928	2.54037286512078	2.33547838875786	2.824637952973	0.489159564215146	2.92201407125139	2.69916498411733	3.19027402911488	0.491109044997548
277	0.350263819329862	0.154604274102549	0.586948984013232	0.432344709910683	2.46516399755536	2.18635623146435	2.68041206362822	0.494055832163867	2.83385341637681	2.5137170666136	3.06310353956748	0.549386472953886
374	0.47594448235999	0.279966989530877	0.740538088214947	0.46057109868407	2.42505122197364	2.18946063522502	2.6256785019032	0.436217866678173	2.8953734636625	2.66693838566611	3.10416500512114	0.437226619455032
475	0.404034673702118	0.207642010184469	0.589309907227606	0.381667897043137	2.39751380253961	2.18713291371849	2.58745319038874	0.40032027667025	2.78538282235186	2.58802707762363	3.02142708092894	0.433400003305312
373	0.320059329142492	0.0800507323484779	0.49347111398801	0.413420381639532	2.37805579492004	2.1770869297481	2.63012046336897	0.453033533620863	2.69812503552017	2.45280031077788	2.94047810066241	0.487677789884524
433	0.255702376457458	0.0807336636802059	0.468971746925888	0.388238083245682	2.52581898456881	2.33109294784784	2.77398114237953	0.442888194531695	2.78480730656524	2.57337447572624	3.02935349613126	0.455979020405014
179	0.387958285486003	0.180270888385453	0.605106790750941	0.424835902365488	2.39268990278116	2.13351260939501	2.74875320584085	0.615240596445831	2.78192916635587	2.53962491781167	3.05700773436038	0.51738281654871
487	0.384232953833568	0.141318092202088	0.633559673731497	0.492241581529409	2.33913634828092	2.11551429332094	2.57122529732049	0.455711003999548	2.72673132731542	2.48457820787786	2.97892935548154	0.494351147603673
3	0.368416900739129	0.133375468523642	0.614652523616696	0.481277055093054	2.55707280502886	2.25415786478989	2.92216222392061	0.668004359130722	2.94059821591341	2.68957924852155	3.20416513684152	0.514585888319966
440	0.381133414856532	0.164597327146518	0.573034918693824	0.408437591547306	2.45509779644816	2.22638337638845	2.67908825876485	0.452704882376403	2.83007529718996	2.57085799667033	3.04568472597882	0.474826729308487
138	0.300087700802482	0.12711393822837	0.456947826249615	0.329833888021245	2.49363531147126	2.32785834760826	2.76665865062112	0.438800303012859	2.79096285999478	2.58699039412775	3.06226600967107	0.475275615543316
394	0.321615061337	0.134545881351286	0.499017357445701	0.364471476094416	2.4869878096304	2.23333556810097	2.70567215450175	0.472336586400782	2.80360343205229	2.54919773794278	3.03221478003907	0.483017042096284
447	0.362768901754943	0.186792447392697	0.628325303974824	0.441532856582127	2.40719246056982	2.20724165116325	2.63180895636503	0.42456730520178	2.76349543737218	2.56965120393353	3.06933303806016	0.499681834126635
141	0.382382376314015	0.191132192779566	0.596951573508582	0.405819380729016	2.44008605973614	2.2630244475232	2.64662869207141	0.383604244548218	2.82495169798673	2.58092989646982	3.11470115491552	0.533771258445697
419	0.41113888528885	0.236420028270105	0.618221203412463	0.381801175142359	2.50223898966696	2.32550977380161	2.69993085211861	0.374421078317001	2.9179666835192	2.67100805008645	3.17211086090145	0.501102810815003
178	0.411605516858303	0.218740615937569	0.671617850853278	0.452877234915709	2.42086382954743	2.17326090709805	2.70231549135972	0.529054584261667	2.8341189555585	2.61202503532472	3.0574640337674	0.445438998442676
444	0.441331327505927	0.27739507726229	0.660908961484639	0.38351388422235	2.44904186370013	2.22569939617321	2.65941495274256	0.433715556569349	2.89397352087526	2.65954704233689	3.11635882969006	0.456811787353171
472	0.277478981155904	0.0861321425018496	0.453319643661006	0.367187501159156	2.51028144806686	2.32594721736129	2.69367715662614	0.367729939264851	2.78362719254449	2.56015085886176	3.05192567332662	0.491774814464861
390	0.316402963910758	0.116076252312425	0.487109045133692	0.371032792821267	2.47513229518829	2.28003139897289	2.66706819157799	0.387036792605106	2.78912912958103	2.5556593386929	3.01528843188464	0.459629093191734
420	0.298163760088762	0.135785150752212	0.513873289850151	0.378088139097939	2.53055694438941	2.27585873737981	2.83913286985318	0.563274132473371	2.82376513753823	2.60318592036165	3.19932669620917	0.596140775847513
281	0.338069166487149	0.151844714340384	0.521497195740214	0.36965248139983	2.47161966403162	2.26766238722992	2.65647210440323	0.388809717173313	2.79991949052374	2.58598089736251	3.03231392444336	0.446333027080846
399	0.415202104501511	0.186013138285303	0.649478131363477	0.463464993078174	2.40705530526692	2.14300539468455	2.66484788078081	0.52184248609626	2.81280787587216	2.56173816660207	3.06355114573691	0.501812979134837
382	0.424481253447433	0.257086218307751	0.608149658355625	0.351063440047875	2.43388892670567	2.20050212641371	2.63471236870894	0.434210242295237	2.84608794570598	2.60942897201214	3.08024114760926	0.470812175597112
372	0.426312535827365	0.251090686050284	0.610307625626543	0.359216939576259	2.41795923236152	2.20922116776626	2.64367925209897	0.434458084332706	2.84463442920273	2.61130272518312	3.08003563425722	0.468732909074103
132	0.255021758812651	0.0337831443488083	0.473419172801914	0.439636028453105	2.49988758235963	2.29970838197683	2.79523173629328	0.495523354316452	2.76115549774065	2.56842131148405	3.01151985773537	0.443098546251314
412	0.428228419559622	0.213251696297307	0.667037972000763	0.453786275703456	2.47508811889121	2.20521680772442	2.81698429607596	0.611767488351533	2.89418183728696	2.62908725485757	3.24450089722705	0.615413642369488
181	0.301696544479216	0.154248910774589	0.46373182959141	0.309482918816821	2.44181600259407	2.20389640538145	2.64028743924721	0.436391033865752	2.75035974088174	2.48855252434695	2.9921501375585	0.503597613211551
135	0.47514036323391	0.236516698354486	0.668980669225542	0.432463970871057	2.39785682448706	2.18992961398518	2.67502355672572	0.485093942740547	2.8997872318968	2.64490605320016	3.16726288074598	0.522356827545818
11	0.296680416885012	0.146114623007323	0.476824044463424	0.3307094214561	2.54701986876725	2.32074857660299	2.75817545080263	0.437426874199637	2.84175141686817	2.57803298228237	3.11692994912271	0.538896966840344
352	0.300579623180982	0.0789024997824126	0.518127417485421	0.439224917703008	2.51729252128701	2.23645128441085	2.79708316266123	0.560631878250381	2.81807140554126	2.59567014777117	3.04098685961806	0.445316711846891
355	0.259791506542305	0.090387065569128	0.446422745208515	0.356035679639387	2.46760861211088	2.2795900283519	2.66269088779217	0.383100859440269	2.71651334946167	2.52345588924446	2.94145177563428	0.417995886389821
386	0.327024799413151	0.166713184678776	0.498968934875177	0.332255750196401	2.47639854169217	2.25536055847584	2.69241244427744	0.437051885801602	2.80848283530306	2.55331363538729	3.0485150513539	0.495201415966613
376	0.383064869341728	0.185848239635013	0.546614686887238	0.360766447252226	2.49468905607696	2.30146824715253	2.70879961052787	0.407331363375336	2.87238658953242	2.65435039128086	3.09974100503945	0.445390613758582
348	0.259167459058843	0.105734681411156	0.448434675190558	0.342699993779402	2.44624860430489	2.2358705790021	2.63121455252672	0.395343973524618	2.70802706434083	2.45226973318054	2.91223888967816	0.459969156497611
286	0.396102530193726	0.141764296346737	0.734030306930874	0.592266010584137	2.44203880365838	2.12589033558406	2.68186954542566	0.555979209841601	2.82648739664798	2.55081300954903	3.08704088784283	0.536227878293804
470	0.358115527731273	0.177751216854961	0.551019083159902	0.37326786630494	2.48290740461513	2.21754170613042	2.69034886270197	0.472807156571544	2.82964737427779	2.53849849922807	3.12689763058534	0.588399131357272
482	0.289928116689654	0.0869368639550659	0.486135850106391	0.399198986151325	2.54894767008508	2.31869252587382	2.83310003003808	0.514407504164262	2.81812985241682	2.64784115263704	3.04004224404362	0.392201091406576
137	0.327330467457783	0.161517326568059	0.57519372959888	0.413676403030821	2.58225661300358	2.33452138886823	2.7963240995968	0.461802710728565	2.9321801347885	2.69079370219076	3.14264438139752	0.451850679206754
477	0.385973842435569	0.142423752640972	0.611411370441542	0.46898761780057	2.52639115985212	2.28909815665292	2.76493681471613	0.475838658063217	2.90083931401859	2.66248687648625	3.14301006029192	0.48052318380567
387	0.354132688780718	0.101070456056114	0.558256797548186	0.457186341492072	2.43300334951634	2.15696606075943	2.6836935150227	0.526727454263267	2.78544646935069	2.45153379530109	3.05432484856705	0.602791053265957
347	0.394836898309833	0.187635015560723	0.582256829442828	0.394621813882105	2.46538758268197	2.25890826194374	2.76519971617107	0.50629145422733	2.85737757092388	2.63573559329054	3.14353272990019	0.507797136609651
280	0.30268194532738	0.112596600301484	0.485722591112947	0.373125990811463	2.51247728455806	2.3161363192388	2.73687958826269	0.420743269023883	2.81994119647796	2.59559329364653	3.06539642777957	0.469803134133039
177	0.383335861781992	0.158708163270725	0.55893026939065	0.400222106119926	2.54352371513736	2.3075449605104	2.78604291092842	0.478497950418018	2.91860199959165	2.69526257294576	3.16966473619978	0.474402163254014
140	0.269962263275209	0.0734391928135746	0.480447296112247	0.407008103298672	2.52818174741906	2.28699250022116	2.78597162517509	0.498979124953933	2.80049547837768	2.56127640265559	3.05067479807147	0.489398395415881
351	0.307201218219082	0.119920435223057	0.543319496011977	0.42339906078892	2.4973270238201	2.2141336496975	2.72732157927031	0.513187929572808	2.7880037185106	2.52303396915134	3.06455935391969	0.541525384768357
375	0.391414365889843	0.080928331945319	0.640519093367179	0.55959076142186	2.50011504956319	2.28171960088227	2.86788945406681	0.586169853184544	2.89906484590182	2.66868672691837	3.19380829914051	0.525121572222142
175	0.278838293317562	0.089520564179295	0.457407819403059	0.367887255223764	2.43613989933994	2.23362662736038	2.68800942671628	0.454382799355903	2.71878811343253	2.48308739567099	3.06630585116194	0.583218455490945
136	0.355386089461214	0.108738958740739	0.587744603041653	0.479005644300914	2.45617392892106	2.2107662561988	2.69026565168101	0.479499395482209	2.81452672831367	2.5814550451951	3.037173951073	0.455718905877903
133	0.295047507003711	0.0386286782978035	0.547264548807313	0.508635870509509	2.48844030613205	2.18553834930324	2.79048716817992	0.604948818876677	2.80527485134639	2.55664593637737	3.00758529751254	0.45093936113517
426	0.155733635675317	0.00795068952722052	0.307983783901068	0.300033094373847	2.59486410009095	2.40524549180828	2.86113187061786	0.455886378809574	2.7567275272811	2.52423161013308	3.00895788439173	0.484726274258648
417	0.302852010471765	0.132881658363808	0.518640079470309	0.385758421106501	2.57822060396228	2.32364366573774	2.81295769170289	0.489314025965156	2.89485225001868	2.6735824353449	3.14851030102346	0.474927865678561
476	0.321649367550735	0.0819382252767769	0.560971940023873	0.479033714747096	2.42656340504075	2.2389209338771	2.6441979285847	0.405276994707599	2.75848199957464	2.54369831371282	2.96895267344447	0.425254359731653
389	0.301971504985955	0.146971666531145	0.578699308957046	0.431727642425901	2.5488464318259	2.30791791182968	2.72001493705243	0.41209702522275	2.84661822723902	2.66673882190811	3.08539483559184	0.418656013683724
414	0.423475451578486	0.236919403800175	0.778217229275616	0.541297825475441	2.38485088813192	2.07411579366032	2.57182575624153	0.497709962581208	2.81341745739182	2.54626718388342	3.06513845673298	0.518871272849555
2	0.438126594756062	0.256688372016858	0.698218397800045	0.441530025783187	2.3699784491756	2.11126181754968	2.61569725930759	0.50443544175791	2.80823167182858	2.62541527026127	3.07625943862258	0.450844168361307
345	0.267727168772642	0.064918990183294	0.462270300721009	0.397351310537715	2.35681561416535	2.08614852594162	2.65147791334871	0.565329387407089	2.62767974595109	2.38684090040703	2.88000577783238	0.493164877425345
395	0.371641267812401	0.14327505020735	0.652666326064017	0.509391275856667	2.40358865798484	2.19783407681614	2.7206632059071	0.522829129090964	2.79379552972532	2.54246450549165	3.03194685412001	0.489482348628354
416	0.31653969447107	0.105965076355874	0.557479786606517	0.451514710250643	2.48198648032441	2.2559680874657	2.69920911856269	0.443241031096989	2.8087022301175	2.59218319355924	3.02586219865032	0.433679005091083
350	0.295314621574622	0.10070280452694	0.494636172385232	0.393933367858292	2.49863608831019	2.28037472206609	2.66498599522747	0.38461127316138	2.80550400789069	2.57465632399802	2.98576143787417	0.411105113876153
415	0.236763172468031	0.0482106418469733	0.522419245587417	0.474208603740443	2.40085495946366	2.14526765956509	2.67057209519155	0.525304435626465	2.64383243332298	2.4581215804815	2.95903471015994	0.500913129678447
134	0.253118225689683	0.0746370981536614	0.408460316360349	0.333823218206687	2.47449039438805	2.28809163145376	2.69984200240668	0.411750370952918	2.7384730583558	2.50555125271767	3.00845880725409	0.502907554536427
381	0.348175149450739	0.162290010993292	0.518188578135846	0.355898567142555	2.59735436681808	2.3667148022914	2.78552866226533	0.418813859973925	2.94384721814899	2.65836482855001	3.16690603365013	0.508541205100117
423	0.393537177881567	0.143866341166044	0.607238897712702	0.463372556546657	2.47934949536489	2.18495054622987	2.76109474703347	0.576144200803595	2.87690414614615	2.60313988510277	3.161413221153	0.558273336050233
418	0.315631052522352	0.0872960710496161	0.577245373765153	0.489949302715537	2.50708667849978	2.27171525643413	2.78261423933272	0.510898982898586	2.8206298157072	2.64228112483643	3.11151655680592	0.469235431969489
384	0.349407690941441	0.188768560113298	0.539923050451252	0.351154490337954	2.40815764792631	2.18845392288527	2.59959437971558	0.411140456830306	2.74903300296124	2.51097333016522	3.01159136659941	0.500618036434193
