"run_ID"	"NIE"	"NIE.q025"	"NIE.q975"	"NIE.CIl95"	"NDE"	"NDE.q025"	"NDE.q975"	"NDE.CIl95"	"ATE"	"ATE.q025"	"ATE.q975"	"ATE.CIl95"
1	0.23006035926641	-2.16719530267297	2.91306836108542	5.08026366375839	2.3657623154004	-2.01143092239074	7.3725713701689	9.38400229255964	2.60157238004501	-1.54285586142974	6.83251080629018	8.37536666771992
9	5.39381566035933	2.37894823135451	9.1190673791977	6.74011914784319	-0.426007741801664	-5.25770041842824	4.59022948642519	9.84792990485342	5.16217040165484	0.804175701353991	9.54647776321652	8.74230206186252
4	4.92060570880667	1.06585419780455	8.69689270471459	7.63103850691004	-0.00477910057581488	-5.24611661850721	3.69582337991581	8.94193999842303	4.57151406852825	0.671646361733608	8.78913175860666	8.11748539687305
5	-0.502692586643436	-2.78418473706536	1.33833979907465	4.12252453614	0.494490499284181	-3.58000718572531	4.40936623781551	7.98937342354082	-0.115375398740344	-3.88340527780654	3.62217346045343	7.50557873825997
7	2.0683773320128	0.130025498934661	5.12372366553835	4.99369816660369	5.26376222296853	0.734074535868852	9.41278297080541	8.67870843493656	7.37544954782126	3.58679452081249	11.4948313292119	7.90803680839938
2	2.42118533879035	-0.101625849109862	5.15753892848125	5.25916477759112	0.916825962379159	-2.20394292838482	4.12624484251237	6.33018777089719	3.2779317246826	0.011667138338535	6.83373716812615	6.82207002978761
3	1.63093152496992	-0.199509651711998	3.6074469002952	3.80695655200719	2.28531577236403	-0.707374404814054	5.5716680691658	6.27904247397986	3.93367833346118	0.2417838234517	7.94571159444149	7.70392777098979
18	1.46839010528305	-0.769853921260115	3.77756492911348	4.54741885037359	2.76467082780695	-1.45895482465454	7.00619577610439	8.46515060075893	4.31350760892312	0.167631956050207	8.34413365700942	8.17650170095921
15	2.61019895518789	0.303412358891194	5.41693623672993	5.11352387783873	-0.876551523451863	-5.47706812455279	3.76909208864524	9.24616021319803	1.84703190844008	-2.16061896163059	6.14957083522337	8.31018979685396
17	2.23804637643731	0.499854431867983	4.47074494230554	3.97089051043756	-0.782755564847095	-5.49493825752641	2.8780607330761	8.37299899060251	1.34446389522986	-2.82794623909522	5.3012133810206	8.12915962011582
14	2.18421782093913	-0.349830063465636	5.14542647081449	5.49525653428012	0.376556084957101	-4.55367949250289	4.47080204742788	9.02448153993076	2.65665870785661	-1.35626279515413	6.13423194098066	7.49049473613479
20	0.90848352376169	-0.966538582953546	3.32285467486085	4.28939325781439	5.98624629153151	1.83911167503047	10.6695370198068	8.83042534477631	6.98614037404156	3.19328653425756	10.9632852292857	7.76999869502815
13	2.31229054498198	0.00368839781370147	4.94740106641724	4.94371266860354	0.765121798714097	-4.39669924638833	5.30161907658269	9.69831832297102	3.04419864544268	-1.33347472912811	7.17016384325306	8.50363857238117
16	1.72952496333376	-0.750203932853103	4.60576572082975	5.35596965368286	2.99928635114635	-2.03041198164303	7.55000372252957	9.58041570417259	4.87942106402081	0.698860624416907	8.50355553143539	7.80469490701848
12	2.60366418313877	0.536865288651413	5.58857414756026	5.05170885890885	-0.175745085551768	-4.92108989840268	4.07881943456603	8.99990933296871	2.50726857101426	-1.52220149446734	6.781467109455	8.30366860392234
8	1.59991644408203	-0.526857360240608	4.2133097038628	4.74016706410341	1.53395047557391	-1.42521051705155	4.68182356804889	6.10703408510044	3.13914878240206	0.149258466747865	6.33459351700345	6.18533505025558
30	4.3430166033087	1.89872402671499	7.88868816728354	5.98996414056855	-1.29240692610263	-5.55497658224136	2.88248583460526	8.43746241684662	3.23213817542492	-0.766417913262928	6.85660205061982	7.62301996388275
25	-0.124369646317524	-2.0267386398043	1.76360314243647	3.79034178224077	1.30070788777156	-3.12113363602052	5.8706941466781	8.99182778269862	1.3566869286556	-2.57174623179659	5.32156990231909	7.89331613411568
6	2.01136750621218	-0.552343038635604	5.14315974547631	5.69550278411192	2.72517153163383	-0.393359442972028	5.93521163158289	6.32857107455492	4.86847509342786	1.5025102406781	7.91736745444381	6.41485721376571
22	2.89248365545492	0.926402595242763	5.39092575067355	4.46452315543079	1.32181450388511	-2.82378428592022	5.28038363004461	8.10416791596483	4.39676971929245	0.609086953224576	7.86837031999962	7.25928336677505
24	-0.844361864729559	-3.61191653401301	1.71318554897566	5.32510208298868	3.48677657895638	-1.4814405282021	8.41632017665206	9.89776070485416	2.59866771228729	-1.36860934424081	6.22570390473664	7.59431324897745
19	1.13491329484851	-1.39936186126523	3.56428912326138	4.96365098452661	2.33472481667583	-1.21873136475239	5.33873065705391	6.5574620218063	3.48869275291058	0.195209607218327	6.90502266270967	6.70981305549134
26	0.607639207352975	-1.66922498096816	3.08369439274026	4.75291937370842	1.04814059459724	-3.23080534938067	5.83667955000201	9.06748489938268	1.8616562958703	-2.22479723260988	5.81498600540969	8.03978323801957
31	2.61728550102469	0.486928752108559	5.28792647044955	4.80099771834099	1.19123955302114	-3.41661846630941	5.76842914725979	9.18504761356919	3.90804709425247	0.0105673143900901	7.98531293323616	7.97474561884607
37	1.55459018199999	-0.827014294280753	4.1348456857623	4.96185998004305	-0.820202681400319	-5.50573768921246	3.57440488272812	9.08014257194058	0.6424100126656	-3.02156982885169	4.55717271900044	7.57874254785213
34	0.601630359947638	-1.83321082843825	3.15568812840411	4.98889895684236	3.94891529168092	-0.423343152518897	9.07460870845462	9.49795186097351	4.65622116216778	0.656851916281701	8.94134261319866	8.28449069691696
35	2.46117240997141	-0.126510691940191	5.50607682030837	5.63258751224856	3.38224492441316	-1.03046549585304	8.27798221678211	9.30844771263515	5.91538386348571	2.36853290670903	9.92693761212334	7.55840470541431
28	2.96399216057173	1.23614219690306	5.80957016747267	4.57342797056961	-0.768589650083367	-5.21530170405904	3.7216021425523	8.93690384661133	2.4329347025064	-1.96375368644128	6.31171324028434	8.27546692672562
33	2.21701485896547	-0.0873283745420102	5.05654300697938	5.14387138152139	-0.211920845426421	-4.01834018513713	4.1266582208142	8.14499840595133	2.17423604735687	-1.52814742776713	6.0858034032185	7.61395083098563
23	2.28267399358661	-0.167997935711136	5.04283240136691	5.21083033707805	2.79018329545714	-0.114901272110656	5.62999865134163	5.74489992345229	5.05184397807317	1.91714053579691	8.3267742105359	6.40963367473899
29	1.84303230584437	-0.557107256923197	5.40130522689752	5.95841248382072	1.28161416657793	-1.6567608636754	4.32344424298022	5.98020510665561	3.19143826553879	0.112869196082712	6.87898713470682	6.76611793862411
39	0.408659639418394	-3.08696210449326	3.5186883947266	6.60565049921986	1.24868420345058	-3.74427030106841	6.15009759498807	9.89436789605648	1.74505939396424	-2.53658183383401	5.33180916394704	7.86839099778105
27	2.45822489782875	0.0681230289717056	4.83772346635914	4.76960043738743	1.69862892138384	-1.1783050481619	4.30646215198069	5.48476720014259	4.07336604518314	0.909585382979976	7.47560853496746	6.56602315198749
38	1.61234958972371	-0.796778549352023	4.59999739874356	5.39677594809558	0.706995188808284	-3.92866370069415	5.46618505354775	9.3948487542419	2.31296199645036	-2.0479182439708	6.43149684281957	8.47941508679036
32	2.18526716944961	0.29662724077564	4.52803966567516	4.23141242489952	0.847601409623498	-1.66439546011159	3.77458964857633	5.43898510868792	3.13410907176274	-0.161173454371109	6.26123941582744	6.42241287019855
36	2.105822912665	-0.143228724657911	4.44135555374108	4.58458427839899	1.00718317999207	-1.80624949278596	4.13622327438757	5.94247276717353	3.08073615185907	0.0817968897860955	6.40145900448507	6.31966211469898
40	1.27873658022945	-1.43620423885614	3.79670270805606	5.2329069469122	3.19601797076407	0.380946101520921	6.56911986614562	6.1881737646247	4.41309274256067	1.37541930836297	7.92426987133496	6.54885056297199
45	2.50427494281671	0.697121858509207	5.26958980965079	4.57246795114158	3.10233560513685	-0.569305679044122	7.34457541903462	7.91388109807875	5.77550463457836	1.90365544785612	9.5220950620376	7.61843961418148
41	3.96447212769208	1.20743686591698	7.26306519751424	6.05562833159726	1.69363839008398	-3.37207853232839	7.18635222987737	10.5584307622058	5.99631580782432	1.08924920936688	10.9988143751554	9.90956516578851
48	0.427165535280657	-1.82073708511492	3.07060330995699	4.89134039507191	3.33222898006313	-1.3028490377688	7.97520454954698	9.27805358731578	3.80852401784236	-0.127492973831038	7.55920268586852	7.68669565969956
51	2.24136533901384	0.172754002584795	5.22006730463061	5.04731330204582	0.94708003080225	-2.94452966034123	5.06808546067216	8.0126151210134	3.42999159616856	-0.507944015351835	6.88654338806893	7.39448740342077
49	2.43220494533218	0.573247954585142	5.15230724627947	4.57905929169433	-3.23007505871016	-7.28808453440885	1.01222424191562	8.30030877632447	-0.597135572490255	-4.3066750463052	2.73827197401643	7.04494702032164
43	5.70636137217826	2.60927366882762	9.50481454970468	6.89554088087706	0.937239162423219	-3.90068226858762	6.20370119542672	10.1043834640143	6.71189884511937	2.53748356317706	11.207368861235	8.6698852980579
47	0.640174331917052	-2.34311889675747	3.47916900776365	5.82228790452111	4.66571387923666	-0.494682024434829	9.86703679810956	10.3617188225444	5.46103128033637	1.4007709937135	9.74523744619476	8.34446645248126
53	2.08239946217505	-0.221090059070854	4.93051655757765	5.15160661664851	2.69043013643416	-2.529676509135	7.62089687213564	10.1505733812706	4.95997314848565	0.0453232821580606	8.74984051668651	8.70451723452845
54	1.28174843440737	-1.41867842738002	4.18566771054178	5.6043461379218	4.31749811536371	-0.381947699883121	9.03536073161403	9.41730843149715	5.62353064557046	1.30303881596463	9.63130121898609	8.32826240302146
60	0.0504760731493286	-2.25311136041572	2.66840314489351	4.92151450530923	2.55789584588068	-2.27442350971844	7.15850362044956	9.432927130168	2.62856589357022	-1.23688757070807	6.77766928245865	8.01455685316672
55	4.78768850589861	2.54766839523878	7.57876863778218	5.0311002425434	-0.829627601570632	-5.22722103746509	3.38509442560538	8.61231546307047	4.08920788485816	0.182552398149957	7.70210191860578	7.51954952045582
57	0.391436382817739	-2.11822714833343	2.79470363871375	4.91293078704718	-0.967538084130999	-5.95486407658574	3.81721790167935	9.77208197826508	-0.613033444075927	-4.89436987424297	3.54861819429339	8.44298806853636
56	3.76183909111536	1.06695863589289	6.98315768389215	5.91619904799927	-2.83293387279691	-7.9102759713018	1.31367196730483	9.22394793860662	1.17513286886365	-3.37120884404434	4.89449126891437	8.26570011295871
44	0.941609232460991	-1.37185122563294	3.5122186653587	4.88406989099165	0.372731096760226	-2.29509758839035	3.14455751592894	5.43965510431929	1.25473781950387	-1.98334439554312	4.26076034851688	6.24410474406
46	1.16559035804407	-1.02086509272741	3.32707287720878	4.34793796993618	3.01809207763633	0.0492494714915762	6.15199789906106	6.10274842756949	4.072814890972	0.685994859676698	7.81729640299636	7.13130154331967
50	1.52330848793959	-1.2162453690133	4.30994329629594	5.52618866530923	1.70810313553614	-1.42862088599185	4.89088568064708	6.31950656663893	3.18633924731426	-0.2965121617684	6.85517669940915	7.15168886117755
52	1.44230923787934	-0.932067076575784	4.12702693683666	5.05909401341244	2.28820420028674	-0.986639834284455	5.58043407284843	6.56707390713288	3.73338393951177	-0.13149324129599	7.61612659502993	7.74761983632592
42	1.45698653330245	-0.828112392817367	4.02817414444259	4.85628653725995	2.88588205579481	0.270644254010688	5.75867979490505	5.48803554089436	4.35669636641142	1.38012189381716	7.73410108560187	6.3539791917847
61	2.58744776195636	0.00422936692495176	5.86326576097287	5.85903639404792	0.276943247400471	-4.15891631422058	3.85632266459345	8.01523897881403	2.96181818353273	-0.632659803305975	6.58746181996646	7.22012162327244
76	1.14772606411267	-1.43470008997359	3.69148725764597	5.12618734761955	2.43819720242626	-1.95414484014688	7.02526801188694	8.97941285203383	3.6168817558075	-0.104995070689705	7.71386758897661	7.81886265966632
77	1.70755319354966	0.171446043495688	3.99705794523768	3.82561190174199	0.491788377664022	-3.4670449595852	4.26096747397802	7.72801243356322	2.30128553649624	-1.68080311222515	5.73594869963018	7.41675181185532
62	1.06963373922168	-0.876567829741739	3.46042378718374	4.33699161692548	2.28009671109621	-1.79246558990097	6.60770803704374	8.40017362694471	3.42525288204785	0.0195724705393338	7.29576569708862	7.27619322654929
63	0.843684477929082	-1.45729413247002	3.20774152365985	4.66503565612988	0.1502795211278	-4.5686405982593	4.75865034770852	9.32729094596783	1.00243831361796	-3.37056140267304	5.17142054593995	8.54198194861299
66	1.36042192471375	0.121421262529955	3.31363810716305	3.1922168446331	3.3222304327075	-0.158385126934499	6.71624388307636	6.87462901001086	4.80411399429938	1.20944901476238	8.35739152605471	7.14794251129234
78	3.97742708469747	1.71612547701064	7.2356389049716	5.51951342796096	-3.0049811221657	-7.44795909756503	1.23818509533337	8.6861441928984	1.0724000033828	-2.41702975122994	4.84601921569637	7.26304896692631
72	1.73433352515885	-0.674922676685075	4.33999766879787	5.01492034548295	1.81097615489499	-2.65811999802465	6.35798384334904	9.01610384137369	3.60697708205861	-0.362862210488157	7.30644827945162	7.66931048993978
74	0.509024263533383	-1.80226813510538	2.72866882669779	4.53093696180317	-0.333855283930275	-4.93403685225349	4.57749364282169	9.51153049507518	0.139142397482022	-3.85149531907648	4.53468381533849	8.38617913441497
59	0.915192360182866	-1.17812498652727	3.02224210578023	4.20036709230749	2.4225474170692	-0.540100818221789	4.96317967549802	5.50328049371981	3.306923618406	-0.215833354909646	6.45275561971385	6.6685889746235
58	3.24568306161745	1.05606923834208	5.4845150950002	4.42844585665812	2.78158396091713	0.125602204135843	5.28565738071123	5.16005517657539	5.86947848995649	2.83127052131018	9.3112266741013	6.47995615279112
84	2.90696653349648	0.431665340311007	6.21297279207166	5.78130745176066	0.807684519074859	-3.78934218161052	5.75029174635857	9.53963392796909	3.84557782997533	-0.159642772260573	8.34415725496128	8.50380002722186
86	2.96223858220683	0.641081427765243	5.84185323146706	5.20077180370182	2.252600640348	-1.97487630496316	6.10291682526458	8.07779313022775	5.37533632108598	1.67617295315439	8.69341567460368	7.01724272144929
82	1.55909796852891	-0.539630296765268	4.35028949022655	4.88991978699181	0.124908816429908	-4.42905378213565	4.52469815831459	8.95375194045024	1.74169069963818	-1.83256262956747	5.20220277394233	7.0347654035098
75	2.22276081836213	-0.0829431077152677	4.63260226105033	4.7155453687656	-0.897228249988724	-3.79271839439467	2.41204957228538	6.20476796668004	1.33694219628446	-2.44391914038718	5.0744979443341	7.51841708472128
65	-0.258121089758165	-2.39371423672428	1.8537062295222	4.24742046624648	2.01903550856338	-0.820904458368314	4.83895835301498	5.6598628113833	1.74370285405507	-1.19525866345395	5.20504413084986	6.40030279430381
67	0.643194861178506	-1.79112546567419	2.87780088428654	4.66892634996073	3.30196506311275	-0.166334752401217	6.55294838216016	6.71928313456138	3.84558825900338	0.74436620934614	7.43051157387368	6.68614536452754
85	1.07367570101364	-1.06771485739895	3.11163631890053	4.17935117629948	3.00951778578736	-1.25389792881852	6.7935255562936	8.04742348511212	4.10707140464459	-0.0169154667500452	7.49082808307882	7.50774354982886
64	1.76589183655542	-0.850519266840981	4.23170610012347	5.08222536696446	4.20124826034939	0.85120630112683	7.46553033635608	6.61432403522925	6.07855685983732	2.51495784758198	9.32342807432623	6.80847022674425
68	1.80579910770653	-0.865846975086022	5.0909577192731	5.95680469435912	2.51883869999155	-1.03987824455951	5.45711824077716	6.49699648533667	4.28231447348869	0.431265885782851	7.85454562057229	7.42327973478944
83	3.73471649477623	1.02042881533609	6.75372896421664	5.73330014888055	-0.713632879400271	-5.76743764365989	3.52180628507462	9.28924392873452	2.98862939443044	-1.64672300290511	7.04248230209949	8.6892053050046
69	1.41807494738905	-1.08344794355901	4.33409708123033	5.41754502478934	1.01964034083231	-2.17544228916443	4.01738261583627	6.19282490500069	2.42016189858715	-1.25664086502525	5.94912553650378	7.20576640152902
88	3.5492305981364	1.32821842521344	6.54192787593443	5.21370945072098	-0.737994150145653	-5.22487720557871	3.44838112493934	8.67325833051804	2.711584261962	-0.933749804492806	6.457154503161	7.39090430765381
89	-0.144160994825099	-2.311153350987	2.06547281345928	4.37662616444628	-0.778031298705789	-4.69461506001975	3.56571122028053	8.26032628030029	-0.926874796316048	-4.62876614711266	2.7365687890544	7.36533493616705
73	2.14969512678018	0.00841055020926722	4.31548829779418	4.30707774758491	1.97265242343506	-0.255633557797323	4.76217811767922	5.01781167547654	4.09083506735887	1.42208292944587	7.31876647434333	5.89668354489746
91	1.99961722560871	0.0224928091639304	4.54273037033246	4.52023756116853	3.90049660510633	-0.0276360293437578	7.95739499882934	7.9850310281731	6.04049430785781	2.19442448148088	9.69638349518039	7.50195901369951
93	1.12883007144872	-1.25458092015536	3.63938199738558	4.89396291754093	1.53251445743966	-3.204883312791	6.07721698211977	9.28210029491078	2.7117842558033	-1.4117403246339	6.59403994636604	8.00578027099994
94	1.24295870818484	-1.29366483922623	3.54850169599378	4.84216653522001	3.8311681091029	-0.547262528812258	9.12070336561835	9.6679658944306	5.14430355548717	1.06241214850088	9.17254201375415	8.11012986525327
71	1.06079048824555	-1.32986878750977	3.61689620583607	4.94676499334584	1.19441188341451	-1.99785288983423	4.97893416174348	6.97678705157771	2.12850980438231	-0.947723198373635	6.59404296359907	7.5417661619727
70	1.1091989904752	-1.96762721997486	3.88834416581644	5.85597138579131	0.681853198056329	-3.53356222870547	3.78218308357333	7.3157453122788	1.88739832310934	-2.62760679201523	5.42269851567783	8.05030530769306
90	1.70427452954167	-0.735374216226435	4.25678853390066	4.9921627501271	2.94358738085631	-0.21299002036536	5.77443094646701	5.98742096683237	4.62588092909923	1.32184100991683	7.70413835767004	6.3822973477532
79	2.14692184130674	-0.390627035411007	4.93917117229888	5.32979820770988	1.57768247360485	-2.08469976469073	4.67169605506186	6.75639581975258	3.57619368536821	-0.0346818262934857	7.91559173872178	7.95027356501527
81	3.94570251015419	1.98163954166682	6.37893430209889	4.39729476043207	1.94284236836823	-0.728148524416072	4.87764434545851	5.60579286987458	6.09107019343141	2.44338493295835	9.00290567455292	6.55952074159458
80	0.255961612319727	-2.59929933807779	2.94115698399972	5.5404563220775	1.92839222190518	-1.06390669792608	4.88227483387587	5.94618153180195	2.18083402342991	-0.889592856059896	5.80571751688345	6.69531037294335
87	1.16443933815341	-1.06216156536927	3.53317512145294	4.59533668682222	2.14682522729315	-0.5650160686688	4.79126661967547	5.35628268834427	3.35595553445993	-0.00232991160616888	6.67177279668176	6.67410270828793
106	-2.30214428413693	-5.14675137955179	0.105995049204454	5.25274642875624	1.74952237067493	-3.9228569199455	6.67976425895452	10.6026211789	-0.661311712521609	-5.20092102982962	3.73281912150777	8.9337401513374
99	1.29992266071742	-0.955083972248686	4.08526956097075	5.04035353321944	4.54117377114199	-0.22548545823206	9.00615391814251	9.23163937637457	5.91686176033462	1.59602659082927	9.33943418724179	7.74340759641252
100	0.850288230922633	-1.85569784190868	3.73663913550391	5.59233697741259	4.12770678196265	-0.429705248367784	9.11365585225623	9.54336110062401	5.06280229947851	0.956202540503531	9.30160975237061	8.34540721186708
96	3.26562446399764	1.03141570472323	6.13965605628845	5.10824035156522	1.37493976683477	-3.45544114782377	5.99542809267675	9.45086924050052	4.71938039058831	-0.12011796626455	9.00438162104039	9.12449958730494
103	1.29491062752533	0.0577757260415251	3.26256949490559	3.20479376886406	3.89328047022445	-0.0663060780097866	8.3194706165869	8.38577669459668	5.2447916564059	1.77262099561538	9.55201328006466	7.77939228444928
104	-0.564332803691855	-3.21542422837967	2.0782785923349	5.29370282071457	5.08766865219907	0.796664069700004	9.98471509223638	9.18805102253637	4.61914158908959	0.935476566920696	8.56134251998106	7.62586595306037
101	1.78464955146082	-1.22030825162706	6.03141676961035	7.25172502123742	1.24016260576482	-4.44058136533056	6.17231990879896	10.6129012741295	3.00154683936486	-1.12821948022817	7.10287360851141	8.23109308873958
97	3.13905462548101	0.533359634511408	6.16431125587042	5.63095162135901	-1.56639667156079	-6.47030503417874	2.90383461604682	9.37413965022557	1.64010452989969	-2.35539971911622	5.6898070020801	8.04520672119631
92	3.48856469623263	1.37727280613136	5.84548336759126	4.4682105614599	2.59423388326141	-0.601448525462602	5.27184160299452	5.87329012845712	6.01127503682495	2.54257839636273	9.57355716233776	7.03097876597503
109	2.81497484001969	0.431321531273493	6.06657006090354	5.63524852963005	0.628490303719357	-3.37189664213296	4.68514291997774	8.0570395621107	3.61116164560737	-0.12330834825043	7.55224089719243	7.67554924544286
115	-0.912391480042511	-3.14923969691627	1.38741397480102	4.53665367171729	0.802742567429389	-3.79863279698186	5.86018616821071	9.65881896519258	0.0886217731620018	-4.66865389097978	4.07268400382105	8.74133789480083
117	-0.48214143009234	-3.27479450556324	2.11228090012568	5.38707540568893	3.41388213051989	-0.95638584237431	8.18836910557538	9.14475494794969	2.85497789471117	-0.696483272235023	6.79964778783567	7.4961310600707
114	0.614004890949174	-1.57914160047077	2.99031994964722	4.56946155011799	3.52646108275255	-1.26938163875523	7.94758354953155	9.21696518828678	4.17047695784964	0.18099352398899	7.82923615149012	7.64824262750113
118	4.37891546554143	2.21462877064006	8.03707097489231	5.82244220425225	0.728044815845337	-3.57951244704079	5.14611749150929	8.72562993855009	5.30417217411118	0.911247952209516	9.40592793916255	8.49467998695304
119	1.56053619967515	-0.715454702843102	3.85900744940718	4.57446215225028	0.874173001820526	-3.57870940210904	5.86765865605369	9.44636805816274	2.53793622144888	-1.94496095224513	6.68023439642029	8.62519534866542
111	2.32230482915228	-0.663074344101273	5.46655473628409	6.12962908038536	1.50149483514711	-3.75602175623365	6.29559279939692	10.0516145556306	3.90759497788985	-0.613105004579271	8.03044668601828	8.64355169059755
110	1.99400348538646	0.50270250981264	3.94285811265272	3.44015560284008	2.19616149527781	-0.938933851394547	6.14842329608628	7.08735714748082	4.3311194509614	0.868294153879164	8.43585872793521	7.56756457405605
107	2.12251042146878	0.0829851507679677	4.1605098638242	4.07752471305623	-1.07761806035686	-3.69347953099191	1.78097898197141	5.47445851296333	1.06245784729118	-2.43212287124981	4.28442419687725	6.71654706812707
95	2.19512386544485	-0.041872294887331	4.5452746893636	4.58714698425093	1.34138641177299	-1.34177808333384	4.02385979571084	5.36563787904468	3.52285536430593	0.300787417683496	6.41455488158031	6.11376746389681
102	3.22980414975492	1.08891833405469	5.74828016822741	4.65936183417271	1.14635360704784	-1.67553103371348	4.10594748804807	5.78147852176155	4.34571376036637	0.888962700307983	8.14028065336472	7.25131795305674
98	2.13718226963595	0.353692457632686	4.41386244327385	4.06016998564116	4.13542440300933	1.36238917776691	6.30580227778644	4.94341310001954	6.34406085194781	3.17154111024279	9.33427639669403	6.16273528645124
121	-0.260351470827881	-2.26854493797336	1.54006298348004	3.8086079214534	5.17260608714675	1.33026816720061	9.78318684788977	8.45291868068916	4.99703556101081	1.37639397817259	9.23124945389047	7.85485547571788
124	-1.51917507407969	-4.72217466693824	1.44346581917834	6.16564048611658	7.15263146031221	1.69875416932217	12.0176636740735	10.3189095047514	5.50612119817159	1.14360284902195	9.63390735438564	8.49030450536369
105	1.63694473207042	-0.918972887068689	4.41243188262279	5.33140476969148	1.78686013487727	-1.06338275073352	5.54006012354854	6.60344287428205	3.42957428229069	0.15262748133249	7.58309900287344	7.43047152154095
126	4.87330746132148	2.4915666869399	7.9925299076189	5.50096322067899	1.65652230302568	-2.7292080994938	5.87971970972504	8.60892780921883	6.4166932308752	2.10131207479782	11.1076575901667	9.00634551536883
127	3.80216950839551	1.16238097965155	7.07118125939295	5.9088002797414	0.952233082790015	-3.7966807295077	5.40830600100873	9.20498673051643	4.75289550671205	0.541790936489264	8.61373158243284	8.07194064594358
132	2.90485948300595	0.909264395699366	5.55396427622726	4.6446998805279	1.8154679955687	-2.5077885399788	5.79773677334144	8.30552531332023	4.69353234377031	0.900526394215621	8.27984357369011	7.37931717947449
128	2.72706817417555	0.690991168807088	5.89268694511319	5.2016957763061	-0.00103930528524199	-5.06211599788329	4.32999265724903	9.39210865513232	2.67309932556236	-1.78671374659466	7.19996332241917	8.98667706901382
108	2.32059837059827	-0.282565343680291	5.093461070762	5.3760264144423	-0.0272428828844735	-2.98463677461029	3.9021471410112	6.88678391562149	2.25060796217461	-0.975672252706305	6.52445229268972	7.50012454539602
116	1.71904616335267	-0.572276264813016	3.92875018422266	4.50102644903568	2.82227116502515	-0.424127829842586	6.17126719141424	6.59539502125682	4.61928891004718	1.21098831868124	7.97401547735059	6.76302715866935
112	2.08283128871381	-0.291512237486708	4.82683515659734	5.11834739408404	1.0162625378613	-1.32310059658497	4.02994963800445	5.35305023458942	3.19037540501657	0.362741340522703	6.58519699245945	6.22245565193675
113	3.39790052018536	1.26465929348229	5.54012239757895	4.27546310409665	2.46006912555161	-0.47953067805183	5.04948040678143	5.52901108483326	5.78897840099294	2.41756092756987	9.15693151797537	6.73937059040549
129	0.232524927264409	-2.39745021378778	3.27253042862818	5.66998064241596	1.38497534162849	-2.28667623980601	5.69620167549639	7.9828779153024	1.91783916746381	-2.14073230810738	5.69334837524401	7.83408068335139
131	4.02695551896088	1.49465582678099	7.28085339182487	5.78619756504388	0.895371244224708	-3.71729008854541	5.5756661610824	9.29295624962781	4.95410464331893	1.45878360449237	8.42786011141892	6.96907650692655
120	0.639989363042972	-1.49811919004228	2.81329969303484	4.31141888307712	1.4026275342647	-1.19764245618456	4.49076021122266	5.68840266740721	2.05461652380686	-0.97004166283106	5.80462008246207	6.77466174529313
123	1.78052659115398	-0.123653187016383	3.91597716191342	4.0396303489298	1.90507976527038	-0.931361909859396	5.28845055475327	6.21981246461267	3.75238851468382	0.462375277821444	6.99733305734766	6.53495777952621
122	2.09896567789623	0.0591168640924121	4.23665066626263	4.17753380217022	3.57439191830881	0.627788914540069	6.34891832335018	5.72112940881011	5.79622950832431	2.25625296832481	8.85333200103542	6.5970790327106
125	-0.238655624019325	-2.6697682211534	2.00617843780771	4.6759466589611	4.00121180117931	0.967303474209901	6.89316162844065	5.92585815423075	3.85012439810133	0.101082501032435	7.04532620909065	6.94424370805821
134	1.80925671231959	-0.554001195097288	4.33568527482138	4.88968646991867	1.6815595277298	-0.974597168838527	4.51268756235667	5.4872847311952	3.56159405311559	0.20442407294084	7.18654825863772	6.98212418569688
147	0.956503272043187	-1.62238291391844	3.92347312652406	5.5458560404425	4.63737506946221	0.0641514445191741	9.81924768580337	9.75509624128419	5.83121391835583	1.61413106717118	9.76187457955229	8.14774351238112
146	2.04607908198532	0.516167890604166	4.26641266456751	3.75024477396334	1.03965324310508	-3.54304921747884	4.49783520370307	8.04088442118191	3.12076488972043	-0.835487976482858	6.73009581957463	7.56558379605749
148	1.6236664577796	-0.222649152606437	4.05752437253688	4.28017352514331	3.08094285906549	-1.27169409339498	7.59748192265296	8.86917601604794	4.75094637798598	0.526339984205281	9.0476833774826	8.52134339327732
137	1.96410246637881	0.173037729165862	4.59636045570727	4.42332272654141	2.56943356048379	-2.20985375834927	6.8135950037937	9.02344876214297	4.65822163934835	0.860546125495269	8.57141279398591	7.71086666849065
140	2.29823409818119	0.238560180405231	4.92525722701324	4.68669704660801	-0.578069024247713	-5.08237892112313	3.88907654794202	8.97145546906515	1.71484998099848	-1.97453630147465	5.9856175849513	7.96015388642596
141	-1.57154242012269	-4.31173921072031	0.616034833570741	4.92777404429105	4.62513351125051	0.0560526108336943	10.6039676740921	10.5479150632584	3.01290115149166	-0.653604285697426	7.5935686137112	8.24717289940863
138	0.985023393812611	-1.16215600255334	3.56006493419955	4.72222093675289	1.42070309407157	-2.75714997258854	5.77994579127275	8.53709576386129	2.55053554224549	-1.4510667205722	6.12887102894856	7.57993774952076
142	6.65616682373828	3.63873491432036	10.5484094148411	6.9096745005207	-0.297727083111183	-6.04542218324302	4.69478116291669	10.7402033461597	6.39335213323453	1.93382849558327	10.8813182663518	8.94748977076848
143	4.38335047412972	1.65884524726329	7.51630134507409	5.8574560978108	2.53359707710848	-1.59155799071189	7.05910722949524	8.65066522020713	7.10533180678635	3.08294520549461	10.6864479550121	7.60350274951746
130	1.47853708878351	-0.69628215706858	3.7315545007814	4.42783665784997	3.80744899186222	0.974799875008662	6.88053354163035	5.90573366662169	5.30465580585772	2.12574186395282	9.16228542087159	7.03654355691877
144	1.10557334201888	-0.776746552166858	3.41188178318114	4.18862833534799	1.80426128844609	-2.68188868018725	6.41890716124765	9.10079584143491	2.95647199233198	-1.16076836936431	7.01727694278293	8.17804531214724
133	1.42128122652529	-1.12721463885846	4.7560708604462	5.88328549930466	2.58434907447205	-1.18119552308514	5.70808605661748	6.88928157970262	4.13426919039058	0.362976117574936	7.09010411952937	6.72712800195444
158	1.00458077173189	-2.39144579519848	4.26962510369086	6.66107089888934	1.33941635886432	-4.30517500704314	7.95765270729237	12.2628277143355	2.35384251051653	-2.13693273829466	7.19424540802431	9.33117814631897
149	2.95495212643455	0.086165341912236	6.18804346728543	6.10187812537319	2.08604960740512	-2.35122158204383	7.13058579231608	9.48180737435991	5.24088983739191	1.40888923021066	8.93588907335788	7.52699984314722
151	2.40743453844198	-0.0184270952549258	5.24722745795583	5.26565455321076	0.597980539671424	-4.43190712848207	5.23480995082397	9.66671707930604	3.08411755712432	-0.89608948330849	7.18805878073296	8.08414826404145
152	1.23841079798578	-1.05423111276854	3.66075916614765	4.71499027891618	0.786536788815282	-3.35209841099396	4.96221643772058	8.31431484871454	1.99798248943271	-1.46654055989391	5.79327665360756	7.25981721350148
157	0.929164929862229	-1.75427264329288	4.17146729073784	5.92573993403072	2.31704486554042	-2.02894165402005	7.37182555842275	9.4007672124428	3.33617470680703	-0.655842207018805	7.41419555585619	8.070037762875
156	4.86595544459462	2.1003222997195	8.56492687120498	6.46460457148547	0.956138178612846	-3.40204661443438	6.51892665003886	9.92097326447324	6.00698018240677	2.01018263883249	10.1614203271473	8.15123768831479
136	0.899622960149544	-1.31261063542686	3.04021552256996	4.35282615799682	1.40228420400992	-1.53054630381102	4.24713454155829	5.7776808453693	2.28816488386971	-0.991440001049284	5.98269571313288	6.97413571418216
159	0.91068531163193	-1.35463469790559	3.43532024780676	4.78995494571235	0.221775248491499	-4.37411152878111	4.34889409849416	8.72300562727527	1.23332566600141	-3.15241430947751	4.28613046783663	7.43854477731414
139	2.29664131333058	-0.208212291822587	4.80005007071635	5.00826236253894	3.36998157349819	0.549631245085777	6.46883935690927	5.91920811182349	5.70566012815074	2.61087060774359	8.77158336347673	6.16071275573313
145	3.28636729214009	1.18656387633431	5.45244038446867	4.26587650813435	2.49471840126251	-0.449696430347583	5.65341492141138	6.10311135175896	5.88329007472	2.53915139990185	9.2570967250095	6.71794532510765
155	1.71282345971698	-0.878501994978607	4.84468899900646	5.72319099398506	1.13938022496767	-2.19546903123467	4.33921680898667	6.53468584022134	2.90223380643399	-0.289445382392839	6.26029284721288	6.54973822960572
169	3.08800273953771	0.725246252359894	5.70638178103835	4.98113552867846	0.400232153640006	-4.23243898781611	4.75499794506314	8.98743693287925	3.62192509342672	-0.167334415455611	7.14145551196378	7.30878992741939
175	2.47594480975564	0.0181968606342979	5.69059547801342	5.67239861737912	0.780114001712328	-4.01981860798941	5.42160616052477	9.44142476851418	3.34028713862274	-0.74100756017024	7.08157599226099	7.82258355243123
172	0.729097241167372	-2.26178170054666	4.77901281324261	7.04079451378927	5.68113059971002	0.441280094147443	10.7707506380292	10.3294705438817	6.31852508436352	2.29718126267657	10.0782217808718	7.78104051819523
173	1.27656641210181	-0.605970190583456	3.50510974424688	4.11107993483033	2.4027115575197	-2.09698974490633	6.60883207340196	8.70582181830828	3.60989210346843	-0.381551276883451	7.51599303324046	7.89754431012391
174	3.58521571042692	1.43224452007467	6.21171114082089	4.77946662074622	-1.96465834705274	-6.31401430429211	2.77392723502302	9.08794153931513	1.60286799015923	-2.14423280444829	5.76372782574701	7.9079606301953
168	-0.1349725674026	-1.9172355452612	1.43017985275542	3.34741539801662	3.49960849918639	-0.503112082622832	7.94260606043064	8.44571814305347	3.36758435987861	-0.857638547136415	7.51957980636822	8.37721835350463
179	0.652359783104254	-0.738765775491601	2.39159273237134	3.13035850786294	1.48965159942815	-2.53097610569271	6.29496424628019	8.8259403519729	2.22665976539447	-1.51450695250519	6.78613385028046	8.30064080278565
185	-0.0559041933622022	-2.60899967960157	2.21479788209377	4.82379756169534	6.52272072993914	2.11542700925175	10.4640326493627	8.34860564011097	6.54703177026141	2.83223837914081	9.91513616157888	7.08289778243806
182	-1.2261115520798	-3.76596190715823	0.937042156963956	4.70300406412219	9.26103745337587	4.92770450023069	14.3844244607891	9.45671996055838	8.14206276093953	4.3621484765651	12.2151727526024	7.85302427603729
186	0.784973805034194	-2.09736146565595	3.81256281331998	5.90992427897593	4.33772223495717	-0.982058455035727	8.90356860387389	9.88562705890961	5.05933111311152	1.1049476205269	9.03134976563052	7.92640214510362
181	1.14108032019457	-1.16483165114016	3.95974843140229	5.12458008254245	1.00699135527263	-3.09268961449437	5.32539548500992	8.41808509950429	2.14520756454964	-1.63767873307367	5.93595853019147	7.57363726326514
187	2.76377472652838	0.690368620877948	5.42012161223482	4.72975299135688	1.28087451269945	-2.69451662946637	5.46192985351084	8.15644648297722	4.18702842701776	0.767060277990927	7.94233597400504	7.17527569601411
180	-0.0977545271266884	-1.75244634378495	1.83731659242032	3.58976293620528	-1.86204667009634	-5.68799240739614	2.96387243184394	8.65186483924008	-1.90035656034557	-5.7867210096108	2.64587256420731	8.43259357381811
183	1.15268214719131	-0.633490702313672	3.32548152221361	3.95897222452728	2.14690586259363	-2.01559524442942	6.39415602644823	8.40975127087765	3.35690837112547	-0.572140921332244	7.23944054491048	7.81158146624272
171	1.71580885644258	-0.663399485813067	3.98921926054718	4.65261874636024	2.13647870221018	-0.193422656152543	4.948568982097	5.14199163824954	3.82772260993068	0.924705044434701	7.12455862593917	6.19985358150447
177	4.44475666092773	1.6778526503061	8.47026296346945	6.79241031316336	-0.714615556771152	-6.23988483101174	3.81062423627246	10.0505090672842	3.61884830727255	-0.25514035269293	7.87091013780731	8.12605049050024
170	2.2857293535711	0.166867733679084	4.9329534844753	4.76608575079622	3.00405318518508	0.100030390611612	6.57677488284539	6.47674449223378	5.3532533329792	1.93476123790403	8.76988534570062	6.83512410779659
189	0.190751833790259	-2.87282955736439	3.82756371390201	6.70039327126641	2.59242012191539	-2.12190609212707	7.88048231354863	10.0023884056757	2.99435598626166	-1.77684690518122	7.01585124707011	8.79269815225133
188	6.87641136713889	4.25164997768644	10.0863575708989	5.83470759321249	-1.48060477422775	-6.27848051112638	2.82841078152415	9.10689129265053	5.42334861834161	1.48402032007612	9.66188761755826	8.17786729748215
178	-0.343113137164306	-2.78869246064239	2.00271236164207	4.79140482228446	3.53824919847579	0.543806318203032	6.13029926886822	5.58649295066519	3.19006867681186	0.0761762804465576	6.56640424996752	6.49022796952096
190	1.32603496595399	-0.340801822764429	3.62097742397409	3.96177924673852	2.80625742324401	-1.45144658371292	7.66174579488448	9.1131923785974	4.25904889563788	0.532706361507525	8.77647013812185	8.24376377661433
195	3.31297460217536	1.30738520062918	6.00119310049306	4.69380789986388	0.536037119940862	-3.35735893579169	4.88585351033639	8.24321244612808	3.92972692151866	0.283371948203629	7.91850829996801	7.63513635176438
184	1.93823548886128	-0.17798728273023	4.31011490811423	4.48810219084447	2.86168220825971	-0.186195517828832	5.52900160155827	5.7151971193871	4.82071330939027	1.37124315537006	8.50231362827256	7.13107047290251
202	2.37308434597605	0.440733399748257	5.08829338807608	4.64755998832782	-0.419161244236791	-4.92165430123697	3.59885070625998	8.52050500749696	1.96833279499937	-1.65461053865634	5.95793547948873	7.61254601814506
201	1.83929659177443	-0.281524049418177	4.71999583370088	5.00151988311906	0.00423575405954424	-4.74268796550449	4.08605727582521	8.8287452413297	1.9421504129154	-1.85523257520397	5.24140703844839	7.09663961365236
198	1.46259114945124	-0.659705602991659	3.78046170981294	4.4401673128046	6.31802538772914	2.21548904205663	10.3737749924003	8.15828595034368	7.83662804806496	4.49188452385257	11.0104685437589	6.51858401990635
205	2.83249753918591	0.795917387701602	5.22141642372301	4.42549903602141	4.04486427937212	-0.127697927953297	8.1470527230263	8.2747506509796	6.88277625896443	2.82207562191298	11.1907809003168	8.36870527840378
206	2.9257971504467	0.898560405604806	5.58749477082536	4.68893436522055	4.00643308872693	-0.807429311514502	8.54881754876394	9.35624686027844	7.04358796096422	2.53500201542595	11.248727584437	8.71372556901106
194	1.78543204973411	-0.739347522415795	4.49879613743555	5.23814365985134	0.98147923850392	-4.06998961754469	5.74735482797073	9.81734444551542	2.76810580919375	-1.74671812104135	6.93566986567022	8.68238798671157
216	2.68500373761103	0.403354191241659	5.5158048856328	5.11245069439114	1.34696783377118	-2.95214948098271	5.98913135583545	8.94128083681815	4.15397001878995	0.312473825818033	8.07582249734459	7.76334867152656
213	3.69155906633573	0.932186435464019	6.79199514209603	5.85980870663201	-0.553153069799794	-5.46092721073678	4.74629585739215	10.2072230681289	3.26843334898262	-0.721349530342487	7.6106779219288	8.33202745227129
210	-0.947725827056574	-3.45440351645178	1.34184393926551	4.7962474557173	4.56448045963658	0.30148681455853	9.07407706526553	8.772590250707	3.59274207980437	-0.0883440223617477	7.21509597543233	7.30343999779408
214	2.41186834561833	0.218753051869041	5.45845103403542	5.23969798216638	1.22651503895899	-3.42932371665667	5.62927623681819	9.05859995347486	3.71173247570559	-0.493721250737597	8.1573315251256	8.65105277586319
207	0.685542772831641	-2.49583909070165	3.4126992535825	5.90853834428415	3.55440760014761	-1.12633268741643	8.49700075081592	9.62333343823235	4.08284001955258	0.104045670866995	8.16608267060029	8.06203699973329
212	3.34626092373327	1.09192418783077	5.99615516632968	4.90423097849891	1.67723747546978	-2.46023889060612	5.87794831733251	8.33818720793863	5.14308563025465	1.37623213855061	9.151441405468	7.77520926691739
215	4.56151331337417	2.31720007591266	7.36620405360606	5.0490039776934	-3.65389459044835	-8.29599441709456	0.366753068787511	8.66274748588207	0.974858074898719	-3.36681012476903	4.52214529399047	7.88895541875949
211	2.62530927660433	0.679768472971339	4.87287527647457	4.19310680350323	1.32657181425816	-2.77311061217062	5.38115966314386	8.15427027531449	4.08406871365757	0.112621912235799	8.07027897630356	7.95765706406776
191	1.10966778148517	-1.36568943663698	3.5311877966217	4.89687723325868	2.73679690482588	0.0890861347617952	5.27785741800593	5.18877128324413	3.77463884476251	0.867975619235666	7.02444053403651	6.15646491480084
218	2.53844730093964	0.242409395563787	5.1846043685984	4.94219497303461	-1.01477437086686	-5.34273779963782	3.08384026938955	8.42657806902737	1.57152421725759	-2.249034994104	5.05229289742604	7.30132789153004
203	1.49679133448814	-0.789460735363034	3.72586510036204	4.51532583572508	0.1053498372882	-2.65800995705299	3.24107647642611	5.8990864334791	1.57597966641818	-1.58020636131982	5.05719188749691	6.63739824881672
223	2.37534626538875	-0.213421194397913	4.98129215543618	5.1947133498341	2.63567994480314	-1.62411214565965	7.08684473871872	8.71095688437837	5.03778628115981	1.29453487306799	8.62972474705992	7.33518987399193
225	2.03997644630085	-0.0388396532195212	4.27595822442158	4.3147978776411	2.53525510758223	-1.77253171465514	6.50191994408579	8.27445165874093	4.49003957163742	0.805699838034774	8.53697913405097	7.7312792960162
209	2.52439168821211	0.176963194960001	5.39465460714516	5.21769141218516	2.80602536579053	-0.0421190182181783	5.66970800980136	5.71182702801954	5.39257686096126	2.2005064993671	8.7262146758785	6.52570817651139
199	3.02185522557881	0.583434732304379	5.88886713134483	5.30543239904045	0.429781630692275	-2.99299763057975	3.46730526273634	6.46030289331608	3.43110586125934	-0.243212128732532	7.14853936834904	7.39175149708158
208	-0.0796337954634734	-2.34000997439665	2.17510896706042	4.51511894145707	0.912617305699102	-1.81964792811206	3.32211203104024	5.1417599591523	0.726026037617259	-2.12143329771176	3.79718890690434	5.9186222046161
197	0.156590724554908	-1.83372049849807	2.18359907544595	4.01731957394402	2.3212853061248	-0.992683905367362	5.76083151001101	6.75351541537838	2.66231672751702	-1.38773861337262	5.94424851863744	7.33198713201006
222	-0.230965711664552	-3.15993169354227	2.41480183559353	5.5747335291358	3.34243152279603	-0.934269617365459	8.81476683070525	9.74903644807071	3.24705038807733	-0.897880388223843	7.8498443462243	8.74772473444814
224	1.87616244146161	0.313122600169886	4.23849573280022	3.92537313263034	4.11347417754444	-0.353045532729422	8.62434608379835	8.97739161652778	5.97727297372896	2.3345082792201	10.1409374508777	7.80642917165759
219	4.41687847547195	1.90135580582812	7.54488393220445	5.64352812637634	2.07058675634038	-2.3284384622856	6.30285867261665	8.63129713490225	6.53340505890179	2.56633654833545	10.7046941736511	8.13835762531566
228	1.31899485190077	-1.186785182441	3.76986607895937	4.95665126140036	1.69065355708807	-3.09639662215432	6.68655366825442	9.78295029040874	3.05989711684555	-1.43104358221204	7.1903085849154	8.62135216712745
230	3.55291848128098	1.01231449897182	6.58826757470125	5.57595307572942	-1.21899947853667	-5.44578054363218	3.38141646619322	8.8271970098254	2.32695107213498	-1.20602004940159	6.33602517323864	7.54204522264023
232	2.92697067636383	1.19168359251958	5.52185776577922	4.33017417325964	1.4352447316427	-3.40857279485842	4.93826000411576	8.34683279897418	4.30937866154725	0.126792897379088	8.07894630410209	7.952153406723
237	-0.0748463639780777	-2.79003131128707	2.34774588755186	5.13777719883892	-0.369093144793582	-4.956735334132	3.99228170408592	8.94901703821792	-0.456537915581295	-4.07358555470986	2.79546588225348	6.86905143696335
234	4.22248050139711	1.58451667073862	7.40227079787342	5.8177541271348	1.30962634672911	-2.80083073945493	5.60339944616422	8.40423018561915	5.61272389605926	1.75430268670288	9.39710753405139	7.64280484734852
220	1.49417593709001	-1.01368900140325	4.26305507879225	5.27674408019549	0.623735598373855	-3.73461820650849	4.05604849420639	7.79066670071488	1.96314781522312	-1.75903717173441	5.85446411745936	7.61350128919377
217	1.72749867110204	-0.371393609092696	4.28051308353365	4.65190669262634	1.02750964789966	-1.40299044831628	3.43218165121006	4.83517209952634	2.75915644955478	-0.671919019632825	6.02594866577479	6.69786768540762
226	2.1662625918811	-0.0372430015256912	4.77575040572873	4.81299340725442	3.2802072975012	0.313746832932506	6.70977446353678	6.39602763060427	5.50247741235697	2.0288224160842	8.95791015299726	6.92908773691306
233	0.934164890268473	-0.504386132952002	2.92400761509445	3.42839374804646	-0.835986773397291	-4.51667680368634	4.0993775495984	8.61605435328473	0.316215516317256	-3.41318038042729	4.69156653176351	8.10474691219079
221	1.90906077064675	0.137770294640161	3.66629067239254	3.52852037775238	2.03317590116019	-0.286155666044341	4.67273859293491	4.95889425897925	3.92100030351491	1.1571355655457	6.63777319199587	5.48063762645017
252	0.192745208200015	-2.31419413235799	2.6187660866108	4.93296021896879	5.41504032002395	1.18579501554521	10.0215655690912	8.83577055354597	5.58460861841747	1.9604617726504	9.69279875601216	7.73233698336175
253	1.9726869990964	-0.642165029885083	5.06898432168944	5.71114935157452	3.43803086253141	-1.3189328737462	7.94405644292431	9.2629893166705	5.28463951726297	1.44053956879659	9.47758205047524	8.03704248167865
227	1.28286109369149	-0.934107744801834	3.5761369962309	4.51024474103273	0.450151667320384	-2.02194290826952	3.08675722563314	5.10870013390266	1.71641606947558	-1.85437020792226	5.20276962287434	7.0571398307966
248	-1.20211582472046	-4.39633544528483	1.39946712747035	5.79580257275518	3.67044638505158	-1.30288936656248	9.07449177069074	10.3773811372532	2.29940038503613	-1.89345955841135	6.34915966647433	8.24261922488568
250	0.517898686731901	-1.45219202264307	3.03746729671448	4.48965931935755	2.10397559643568	-2.05610239732257	6.77658604130304	8.83268843862561	2.79656043073948	-1.2349551717648	6.56982699992738	7.80478217169217
244	1.18798263201154	-0.43260899173244	3.1814326869317	3.61404167866414	3.09462960026791	-0.690181630746795	7.29763976290994	7.98782139365674	4.34636843945904	0.20429487144009	8.39694373279659	8.1926488613565
245	3.98015163988533	1.89695526807917	6.78113917415365	4.88418390607448	1.21614527723467	-3.29619918225226	5.55998328209404	8.85618246434629	5.31217739743665	1.03368695819389	9.37949215823251	8.34580520003863
246	0.70798689076537	-1.13505568628161	2.90541965609071	4.04047534237233	1.55372302622313	-2.42070183394244	6.24636126548251	8.66706309942495	2.44776871448632	-1.18782851608503	6.41537707782995	7.60320559391499
239	2.29492475066231	0.293275693848275	4.64544485614461	4.35216916229633	2.79704922345897	0.359293269740654	5.03300343501166	4.67371016527101	5.14315038604311	1.98133031244372	8.71500820494953	6.73367789250581
243	0.144206422072725	-2.23743565029846	2.39107775355562	4.62851340385408	3.18475912953694	-0.978835986806858	7.25654364682892	8.23537963363578	3.31920074245072	-0.441263160560355	7.02852513284968	7.46978829341003
238	2.14069771351859	0.14648765383077	4.30894593165706	4.16245827782629	1.87176691143068	-0.885637656104548	4.84648306812653	5.73212072423108	4.0929625518518	0.870421521090864	7.30043013584657	6.4300086147557
231	1.88335413228236	-0.745863161948975	4.37321812833065	5.11908129027963	2.23754942480983	-0.95021213832794	5.74092087427907	6.69113301260701	4.06779126228373	0.724459259297295	7.77630931227676	7.05185005297946
229	3.75140854201253	0.568283085265492	7.04670510098456	6.47842201571907	2.84576259598931	-0.107156324297343	5.57348615491231	5.68064247920965	6.6039957183018	2.96535340060965	10.0405982256089	7.07524482499924
236	0.651713856489277	-1.4562184524447	2.94695053377756	4.40316898622227	1.6811440417838	-1.8286657366854	4.62134063027799	6.45000636696339	2.30692079874925	-1.36755756599616	5.86114727203226	7.22870483802842
261	0.698473347331892	-1.09150769773131	3.08198977058909	4.17349746832039	5.23089331332249	0.950374237535128	9.42149930809409	8.47112507055896	5.8384720583045	2.12454458544729	9.88710796459226	7.76256337914497
255	2.24359208295929	-0.0838684834632381	5.06285675220067	5.14672523566391	2.08566219696223	-2.81002709431875	6.26328746058348	9.07331455490223	4.50597321122438	0.141425955888113	8.33371543216251	8.1922894762744
235	3.42626629179159	0.65439013030412	6.00661515863124	5.35222502832712	-0.927098202088162	-4.91345842826335	2.61186685503425	7.5253252832976	2.48245109516718	-1.79950250172654	6.11148652875393	7.91098903048047
247	0.535796052387207	-1.98658805175718	3.49393161402265	5.48051966577983	2.45752351126204	-0.512738154225155	6.39466989671332	6.90740805093848	2.98724080992899	-0.132464549125372	7.24263566078813	7.3751002099135
256	0.943141285243921	-2.04573186209354	3.6709790616628	5.71671092375634	4.45256968019066	-0.899497696322225	9.6538453472868	10.553343043609	5.36501778087727	0.479793070035202	9.43388584700556	8.95409277697036
251	2.37019812891606	-0.0154647200588382	5.21146139043577	5.2269261104946	1.40776137474325	-1.61164416926875	4.625051605783	6.23669577505175	3.86632366839415	0.201355972526563	7.58424268896252	7.38288671643596
249	1.64964028937632	-0.401839657897323	3.72091960581706	4.12275926371439	1.92651758709295	-0.570378049914583	4.54411254764062	5.1144905975552	3.60516391733821	-0.0449568885389988	6.71110341636801	6.75606030490701
241	3.55367085170183	0.855523734976646	6.37852422766937	5.52300049269272	-0.180118683015	-4.4711220750448	4.57896667504302	9.05008875008782	3.43065892024216	-0.0301193023133185	7.19824008623336	7.22835938854668
270	2.9582879513336	0.577178770869147	5.63619623992452	5.05901746905537	4.03057896481265	-0.457161360777967	8.82364279392585	9.28080415470382	7.03006544423637	3.04213808221463	10.9451009862299	7.90296290401523
269	2.44191757807702	0.535969010262437	5.1752851350248	4.63931612476236	1.30071018198858	-2.48032122739604	5.13083512735175	7.61115635474779	3.88625254490159	-0.112032940033332	7.3426326279614	7.45466556799473
267	2.10559970134508	-0.34429764152264	5.03416051500994	5.37845815653258	0.520906840144037	-4.32127722661637	5.01633289249742	9.33761011911379	2.77069273765907	-1.3955637669233	6.50595633210143	7.90152009902473
265	4.08156210501556	1.77544051667881	6.95297851311298	5.17753799643417	2.44437864818847	-2.20232597765006	7.18136738765799	9.38369336530805	6.57920247798997	2.79045013707194	10.8887773238161	8.09832718674417
263	-1.23938136486045	-4.06864738406117	1.12158544058779	5.19023282464896	4.63436558261606	-0.0378682212482379	9.61938687647702	9.65725509772526	3.36931725057364	-0.499699210538921	7.5825158484449	8.08221505898382
264	4.81609682377386	1.83452066038951	8.9018607649271	7.06734010453759	-1.84341508879024	-6.71834587181542	3.05648307990496	9.77482895172038	3.24215662826714	-1.0767212543557	8.09528615167023	9.17200740602593
266	4.35377648669755	1.6395202260807	7.80881979481628	6.16929956873558	0.0656999665449784	-4.630345019521	5.08084058593673	9.71118560545773	4.38012397899527	0.177317290350544	8.46654263625686	8.28922534590632
271	-0.357525535173273	-3.25463276693363	2.47747778498518	5.7321105519188	2.68341747972206	-1.67324266180836	6.99312818984284	8.6663708516512	2.24604016171119	-0.937816848531173	5.74999369115393	6.68781053968511
268	-0.0835149814825087	-2.31298172320188	2.4808301939437	4.79381191714557	3.07932353432454	-1.25636136247167	7.8726766707329	9.12903803320457	3.04467072283392	-0.834558959209136	6.94271875237607	7.7772777115852
240	1.6155989319376	-0.30947144921199	3.85066315307443	4.16013460228642	2.83730614079992	0.10483746881218	5.53035453809156	5.42551706927938	4.55540890987132	1.51579666166682	7.70143142378416	6.18563476211734
276	1.79335802396955	-0.422398351045015	4.97746088355817	5.39985923460319	2.19832336358517	-2.68533129120744	6.97679268254311	9.66212397375056	4.04520706059528	-0.0821915880869402	8.24215305234483	8.32434464043177
277	1.90842819412342	-0.0255188686054275	4.45464062300499	4.48015949161041	5.92052950395439	1.83747354779585	10.1245006323584	8.28702708456252	7.80564277567463	4.57495436911413	11.5001512551247	6.92519688601055
278	0.0500569650403442	-2.62007151492904	2.90608946272116	5.52616097765019	6.60584576117476	2.10864060571635	10.9051270296455	8.79648642392915	6.54524031341888	2.9825670860553	10.2424203329657	7.25985324691036
262	0.510328131901697	-1.92114930296935	2.71206958540163	4.63321888837098	2.13724535635733	-0.309466279380164	4.95532776858377	5.26479404796394	2.65913202488957	-0.209543374649797	5.81266936025589	6.02221273490569
260	0.825648844281061	-1.04111205725929	3.09990024025105	4.14101229751034	0.658401438041159	-2.51849119429172	3.17981540118032	5.69830659547203	1.46988192391445	-1.79115821710625	4.70634632529891	6.49750454240516
257	1.82484502153054	-0.28411198383928	4.35584569115166	4.63995767499094	0.72546135066982	-2.06452560352852	3.15073367442148	5.21525927795	2.47191775119886	-0.638554701219618	5.63625524050983	6.27480994172945
254	0.131717069985194	-2.01143896571587	2.36294770300389	4.37438666871976	2.46743952824667	-0.856444301625458	5.45380517940746	6.31024948103292	2.50237969510569	-0.663830847212328	5.98336811282497	6.64719896003729
259	2.40405075437628	-0.376108198491338	5.62273981652126	5.9988480150126	1.23031687841257	-2.25737334725409	4.48274165002248	6.74011499727657	3.74689835093806	-0.246991596349988	6.91768419114372	7.16467578749371
258	3.4879693991296	0.617754513205728	6.35446589812332	5.73671138491759	2.29007820145653	-0.95113323594993	6.13448622677123	7.08561946272116	5.7889585815766	2.11891732336888	9.81088115278871	7.69196382941983
280	4.60926918786298	2.0673797205778	7.93264009368552	5.86526037310772	-0.668221752851806	-5.01484809111175	4.47629626113756	9.49114435224932	4.18953120461619	0.0377606140359818	8.25124644341331	8.21348582937732
281	2.97871086293803	0.0967047878087997	6.50584057498135	6.40913578717255	2.09416703588646	-2.80293551385625	6.81172359991519	9.61465911377144	5.24556286714277	0.908257985354922	9.06204970819966	8.15379172284474
282	1.64704787899748	-0.519125161052888	4.30556875251231	4.82469391356519	2.79627464834129	-1.21442554270509	7.08487814135283	8.29930368405792	4.55057670294785	0.468416855303028	8.50893008094547	8.04051322564244
272	2.732095729838	0.455888327637128	5.54377471680683	5.0878863891697	0.810273793754787	-2.12043576881284	3.66662477121616	5.787060540029	3.6060239458096	0.537404487162258	6.95765209014086	6.42024760297861
289	1.63458334841636	-0.263577737373121	4.35695558243166	4.62053331980478	2.33344651181388	-2.4229532686253	7.14619526887555	9.56914853750085	4.05292912352686	-0.0639434000850747	8.09627172909071	8.16021512917578
283	0.987025452057762	-1.48379621431654	3.6703414330628	5.15413764737933	0.488081588726358	-3.82710802807772	5.61729454234002	9.44440257041774	1.57717989361452	-2.26568056565504	6.07932126281453	8.34500182846957
288	1.41936616383487	-1.22484395223236	3.89478609604432	5.11963004827668	2.24012868178358	-2.68724812221383	7.2485404483478	9.93578857056163	3.77622466457926	-1.05115479503325	8.2042620861631	9.25541688119635
287	1.36948188461911	-0.839140192160271	3.48561892511803	4.3247591172783	3.56896472597003	-0.498100932002505	8.03600040773265	8.53410133973515	5.06604026366554	1.21293189542843	8.64744536274233	7.4345134673139
274	2.68678397336746	0.562004582030819	5.44368095907889	4.88167637704807	-0.297452575387277	-4.75600657840992	4.20584868798913	8.96185526639906	2.46945794818515	-1.70634288279868	7.25130948760716	8.95765237040584
284	1.97752646623358	-0.891606552574941	5.27188171297351	6.16348826554845	3.46536146091344	-1.79603829864098	8.86130014044407	10.6573384390851	5.42365197760046	0.438893283276212	10.1288771071232	9.68998382384696
291	1.39315842147915	-0.915109293968808	3.94456000246934	4.85966929643815	4.66107576833526	-0.0571541859182467	8.48809821222008	8.54525239813833	6.02866449083929	2.46327594765283	9.23848699243043	6.77521104477759
290	0.495221264478809	-1.77937797324283	3.11775376301741	4.89713173626024	1.09873126576849	-3.57281882826392	5.83284069744639	9.40565952571031	1.59581501973197	-2.11654415367118	5.86754980734295	7.98409396101413
279	2.5980404261229	0.132557658622855	5.35025897077781	5.21770131215496	3.49160709560568	0.0215228868520932	6.97096121082949	6.94943832397739	6.1372618697687	2.06473945881783	9.88183530912976	7.81709585031193
295	-2.29559059681395	-4.89978439002166	-0.280711236065918	4.61907315395574	4.55827964716354	0.406386326400764	8.81536578267599	8.40897945627523	2.17995244513525	-2.08595566122086	6.0112738447211	8.09722950594197
293	2.52999954566817	0.21318852971023	5.17951298126466	4.96632445155443	1.38667546457249	-3.02629152855151	6.1158596899228	9.14215121847431	3.91020622209368	0.00613212550169144	7.9459656391438	7.93983351364211
273	3.96615402445831	1.6907576605186	7.09380207592057	5.40304441540197	1.571690335284	-1.70460984516943	4.98284697257878	6.68745681774821	5.62382746854146	1.61746260822542	10.1710530336834	8.553590425458
275	0.885001426254008	-1.29470334180255	2.90859019374273	4.20329353554527	1.76054869474498	-1.3844559464964	4.51779086633541	5.90224681283181	2.59260716265521	-1.22615122329636	5.81024277211237	7.03639399540873
285	3.40131745766524	1.04745164618277	6.16563381683495	5.11818217065217	1.0491892799395	-2.32860199942277	4.05105538680627	6.37965738622904	4.4675334081432	0.775309724559453	7.52841152887093	6.75310180431147
286	3.22088272828028	0.755289600801389	5.62853646758819	4.8732468667868	3.25405453323808	0.222235336576695	6.56220331972605	6.33996798314936	6.5742956695855	2.72050898530718	10.3506382279295	7.63012924262229
297	0.833198898755483	-1.63421142257735	3.6709804926983	5.30519191527565	3.1704661958527	-1.63072328312956	7.95214269994967	9.58286598307923	4.00498501116808	-0.269819697717732	7.56629782230764	7.83611752002537
294	3.25221154491611	0.696249488529637	6.22707605377007	5.53082656524044	2.47169948726321	-1.92966392312648	6.86286665635967	8.79253057948615	5.88156279642709	1.60509648698062	10.1459852945534	8.54088880757278
305	-0.185091699282481	-2.00514313118233	1.32733252071136	3.33247565189369	2.74144630221909	-1.49680426156899	7.45136150938719	8.94816577095618	2.54684503149244	-1.56329210621597	6.85698793949189	8.42028004570786
312	0.915619264620855	-1.22853244746053	3.52321627206869	4.75174871952922	3.22713428030369	-1.84296994519225	8.3324744064794	10.1754443516716	4.12287320132975	0.0582228074327963	8.55354283587717	8.49532002844437
306	0.180549373257409	-1.98239285829274	2.78818779519479	4.77058065348753	1.70749208070387	-3.37245202304055	5.91573649852998	9.28818852157054	1.96260497818284	-2.07400246330883	5.7230491908471	7.79705165415592
313	1.36770366175751	-1.15511325530647	4.67147152837085	5.82658478367732	0.953943311329717	-4.03042571482715	6.06861153558486	10.099037250412	2.41636122628641	-1.88857975736811	6.8662227417166	8.75480249908471
311	1.75452270015857	0.153390323250519	3.92247085325221	3.76908053000169	3.1242467926375	-1.1425253120886	7.66090672824637	8.80343204033498	4.86965180541571	1.16754976573825	9.16828219511006	8.00073242937181
304	3.28860956099572	0.361828242198219	6.98009783824042	6.6182695960422	1.59380591671114	-3.65211966225281	7.32939728664742	10.9815169489002	4.93150861354794	0.594882608918891	9.17449382393019	8.5796112150113
310	2.96531192522602	0.920669305747979	5.8011731740656	4.88050386831762	2.42140804652963	-1.55728230974804	6.73508488780267	8.29236719755071	5.36576135155712	2.04248465911296	9.11019539637259	7.06771073725963
309	1.25047320113733	-1.01904230044595	3.687712435253	4.70675473569895	7.16782929851816	2.51170555612438	12.2471496971171	9.73544414099272	8.6295888804372	4.48002258537332	12.5180631807154	8.03804059534205
299	5.88956209522786	2.99485981607271	9.28998739751158	6.29512758143887	-3.75594363046683	-9.36907942235094	0.403138424028727	9.77221784637967	2.16884771924778	-2.12346762563701	6.46487006091987	8.58833768655688
292	1.01252748116027	-1.19994939012591	3.61477547492026	4.81472486504616	0.938027849005607	-1.88201040859486	3.91166765933651	5.79367806793137	2.02596790480655	-1.29131153761309	5.32163762469597	6.61294916230906
307	1.73214719861085	-0.57949033332056	4.02843545565407	4.60792578897463	3.89998734280086	-0.47900061045816	8.75277642072125	9.23177703117941	5.59447037697223	1.60311714802459	9.85087899942717	8.24776185140258
317	3.09304349872731	1.15923134056434	5.81399116387939	4.65475982331505	-1.26216187764002	-5.07094430933817	2.72136399340502	7.79230830274319	1.91303162997439	-1.71153750707756	5.33454276964749	7.04608027672505
315	3.41542358790507	1.3277628168985	6.33398659405814	5.00622377715964	-0.752789192114929	-5.02648666591999	3.61752920882333	8.64401587474333	2.71869383722749	-0.902883607994437	6.69650513321289	7.59938874120733
318	0.923972412116233	-1.29952307856144	3.64145239035161	4.94097546891305	4.59846957001344	0.136988264268698	8.86344532823828	8.72645706396959	5.49529024697551	2.10939184248542	9.14747422660141	7.03808238411599
296	0.998403001048891	-0.867736643662882	2.73426589618591	3.60200253984879	3.24314273723706	0.541181662150111	5.43728632431336	4.89610466216325	4.23523963752052	0.837596666524728	7.287235501013	6.44963883448827
303	2.7060965592913	0.456504805774093	5.77275218096534	5.31624737519124	2.03736131310212	-1.80052835970028	5.30380461681714	7.10433297651742	4.60600044169075	1.14183140634253	8.07919773057276	6.93736632423023
314	2.03622996389939	-0.84112990875637	5.09951537770008	5.94064528645645	5.53053657486395	0.16413384358307	10.9639615988287	10.7998277552457	7.52157898715389	3.44938132237432	11.385460618276	7.93607929590171
301	2.25146785159864	0.0912692301929855	5.81295320472533	5.72168397453234	2.46297716800937	-2.75147448169927	6.54199739278559	9.29347187448486	4.78309675269166	1.20331059246268	8.27668096142338	7.07337036896071
319	1.46678600086637	-0.856823935249541	4.76356268765509	5.62038662290463	2.71563545613682	-2.38221484316171	7.56552775274013	9.94774259590185	4.28018466734011	0.204921544534007	8.82839903769486	8.62347749316085
298	1.57930334066031	-0.873326917374574	4.01591732095598	4.88924423833055	3.01785861100674	0.248223830628	5.78728520304273	5.53906137241473	4.5770128047748	1.07369745576475	7.8160551315239	6.74235767575915
302	0.541206851851202	-1.47444219516378	2.35596597625977	3.83040817142355	1.13260296506002	-1.51205609672215	3.76563070221497	5.27768679893711	1.58537431418385	-1.55431105902373	4.5202499413449	6.07456100036863
308	2.45610593721161	0.414551155848116	4.88046331392632	4.46591215807821	1.9748284157745	-0.614336822718678	4.85125001556943	5.4655868382881	4.48640505977476	1.33534990883715	7.93125078218186	6.59590087334471
329	2.40884860644838	0.558881987361588	5.26770814045413	4.70882615309254	1.14389921209803	-3.38374348569844	5.93520852991462	9.31895201561306	3.90875020615363	-0.750257726919847	8.34207502805119	9.09233275497104
300	1.84794415656604	-0.378088018048333	4.2705090341725	4.64859705222084	2.73153413226961	0.0517910823985962	5.8125977647508	5.76080668235221	4.70925764652635	1.39039878206642	7.89999364568494	6.50959486361852
328	0.528687969281806	-2.14299092861063	3.55273811621692	5.69572904482755	6.59800694088098	1.01927902607877	11.9295641093471	10.9102850832683	7.05200180902739	2.55445576044584	11.2784130431225	8.72395728267664
321	0.0799031363735354	-2.56960629282455	2.52725043717854	5.09685673000309	2.71565598923142	-1.81747523822603	6.96020175741813	8.77767699564416	2.76929069654185	-1.3741998282066	6.51818724129125	7.89238706949785
325	2.9979559167002	0.807986165780026	5.6971239392534	4.88913777347337	-0.207246672400982	-4.79175148820598	4.30905207908472	9.1008035672907	2.84245716080845	-1.08081814995515	7.03521388549964	8.1160320354548
323	1.807008909457	-0.557899010234235	4.46387807580046	5.0217770860347	1.64047907823574	-3.18626376662096	6.5965945622873	9.78285832890826	3.5309458456774	-0.897330497580936	7.54277210739627	8.44010260497721
320	1.25289262319014	-0.614829814681221	3.16219967899188	3.7770294936731	0.280424117502766	-2.74087997181723	2.98304812668522	5.72392809850245	1.52468476334013	-1.91173149410477	4.54162425137209	6.45335574547685
322	1.68802878143805	-0.778612858545831	4.35115892396729	5.12977178251312	2.81195597357768	-1.84538538170194	8.31838213999283	10.1637675216948	4.53663213572352	0.858470777960204	8.95132123054833	8.09285045258813
316	2.61432965308089	0.285815933377233	5.24793141444724	4.96211548107	1.66696983890677	-1.20812694752222	4.82178260231997	6.02990954984219	4.36650785144575	1.02046779317214	7.60973683307333	6.58926903990119
333	4.17318473788892	1.55718995295502	7.03365034758663	5.47646039463161	1.67699856018216	-2.39268006853663	6.1426226675144	8.53530273605103	5.91669208452847	2.00101142509042	9.95170912116683	7.95069769607641
338	1.88582079442922	0.322864769742007	4.30916915473522	3.98630438499322	5.0013995888947	0.909410684801726	9.73373361451443	8.82432292971271	6.92056459928274	2.88900525142898	11.0015428776689	8.11253762623991
331	-0.263615538971409	-2.57276462397247	1.63905568909227	4.21182031306475	5.70777082017125	1.28800499080415	10.7194406581872	9.43143566738308	5.56907372167226	1.30756370330422	9.43911670958926	8.13155300628504
332	-0.518062073908534	-2.55949013178623	1.4329530224755	3.99244315426174	4.10691372843936	0.219824328933599	8.95376576245371	8.73394143352011	3.69588265690894	-0.0428178823420934	7.97205530594806	8.01487318829015
339	2.52565917333513	0.691646842034307	5.3432196486702	4.65157280663589	2.98600448072927	-1.69758305296138	7.09781427432304	8.79539732728441	5.76973486662699	1.2829572287447	9.30108650373418	8.01812927498949
330	-0.982072187886762	-3.47085136744452	1.0287259781569	4.49957734560142	2.97855650419144	-1.80644134972631	7.84389445597573	9.65033580570205	2.11371627876258	-2.73454969695908	6.39980265537254	9.13435235233162
340	3.51550874494325	1.51306648799153	6.25741454803415	4.74434806004262	-0.254489552462055	-3.96663576063909	3.14370159668273	7.11033735732182	3.31229636469988	-0.427993221085882	7.3509009545935	7.77889417567938
358	5.01918113938731	2.25902515957243	8.22774847767684	5.96872331810441	-0.920461369633003	-4.88351716407127	3.77291311007434	8.65643027414561	4.36038573504773	0.806836956867835	8.23648873860525	7.42965178173742
347	4.57750447919131	2.0503054458049	7.80926270138059	5.7589572555757	-3.36909561514643	-8.38225801257451	1.01098691530814	9.39324492788264	1.2488660806832	-2.77742489940133	4.93139683193232	7.70882173133364
344	0.0216449048558882	-2.41430934555879	2.42213266988893	4.83644201544772	1.99677613520701	-2.62362906071212	6.80655704764712	9.43018610835924	1.98070604068201	-1.8621797728433	5.86514745738413	7.72732723022744
345	2.12845897777944	0.0597917228983119	4.66492063691731	4.60512891401899	2.14477488513222	-1.78838829166932	6.39351440349826	8.18190269516757	4.20173188791642	0.867742641108723	8.37414808318499	7.50640544207627
324	0.693854171618225	-1.7271966870704	2.95834222266434	4.68553890973475	1.34396273379063	-1.36724045076432	4.62219189870158	5.9894323494659	1.94963879781876	-1.31361230794364	5.69790425017347	7.01151655811712
327	2.87022848304431	0.735381388038818	5.48241774713357	4.74703635909476	-0.487121964898057	-3.33812936733008	2.06130994927195	5.39943931660203	2.37949928006292	-0.991307891756871	5.45563652798305	6.44694441973992
350	0.501844801677231	-1.22115741591547	2.75929980321439	3.98045721912987	1.54590800627807	-2.10150480108414	5.79102319998762	7.89252800107176	2.08391352873601	-1.53518398906347	5.74256764610631	7.27775163516977
349	1.39563774649744	-0.294918812888899	3.76752829178934	4.06244710467824	3.6259516429785	-0.678449013704315	8.42148793787437	9.09993695157869	4.99503011873857	1.0856961610284	9.86103073266364	8.77533457163525
357	1.89922132710771	-0.924997317511805	4.75703628958133	5.68203360709314	0.0595194732415449	-5.19909746163236	4.51151306794923	9.7106105295816	1.83611428010389	-2.29419817352114	6.04299621838752	8.33719439190866
341	3.94291434331268	0.900470565916063	7.32404826257169	6.42357769665562	1.33422340139683	-3.353210706283	5.92581681903156	9.27902752531455	5.28702306358881	1.69722692475776	9.35836100934422	7.66113408458646
346	0.432832470742539	-1.48317996468371	2.46881831255358	3.95199827723729	2.59548236105257	-2.14128838610806	7.49492400182101	9.63621238792907	3.06300567626437	-0.995144569725072	7.54380696662438	8.53895153634945
342	0.0944089704519038	-2.03021903958164	2.35688017981668	4.38709921939832	2.55064664359364	-2.0389077152706	7.51598628711496	9.55489400238557	2.72698032769795	-1.4879807938234	6.40143028009171	7.88941107391511
367	3.04397169597816	0.124533317175677	6.37332530221739	6.24879198504171	-0.671371311169542	-5.23697153518492	4.24362950318516	9.48060103837007	2.40042754348384	-1.84953750734007	6.72771512779197	8.57725263513204
364	-0.945446492593635	-3.05178492026981	1.16153943555916	4.21332435582897	5.10179122847212	0.584853489784529	10.127543813894	9.5426903241095	4.24595089897843	-0.0634630855516248	8.60075349810717	8.66421658365879
363	3.1447678569397	0.729294803338586	5.89321449995005	5.16391969661146	0.73268458467099	-4.0340860414073	5.41276180847293	9.44684784988023	3.86374805808478	-0.898298613947603	7.73535846313256	8.63365707708017
334	0.438402575544662	-1.50560482661595	2.59906036807935	4.1046651946953	2.44567133972882	-0.366275208912548	5.23676302058015	5.6030382294927	2.79672629237123	-0.119780014926661	6.50464213159429	6.62442214652095
337	1.92584520605588	-0.232634023236463	4.78910670167922	5.02174072491568	4.76079474234287	1.82555612141178	7.59455654314668	5.7690004217349	6.71977361345094	3.49695532623968	10.3466046266222	6.84964930038248
374	-0.234689346931197	-2.77417655570801	2.91681223562206	5.69098879133007	4.15269973837327	-0.681164931399799	8.89268678840724	9.57385171980704	4.07676751134096	0.0728815060498683	7.90278729703008	7.82990579098021
373	2.18606172715249	-0.224980264496461	5.69893523442175	5.92391549891821	0.804504140880956	-4.12504291750513	5.90772832981357	10.0327712473187	3.11024766983537	-1.00343309890742	7.04016372694785	8.04359682585528
370	-0.647202038776568	-3.65893086436458	2.20129132667637	5.86022219104095	2.40404870575487	-1.87524692891375	6.89586366206759	8.77111059098134	1.70834440028957	-1.98538717952676	5.64254086797029	7.62792804749705
336	2.94760723296768	0.832926700512438	5.64765146802874	4.81472476751631	3.20112486633688	0.305841613925205	6.63126094381692	6.32541932989172	6.25137851504523	2.9619466222243	10.0075320135307	7.04558539130643
368	3.15055901639506	0.985328640742032	5.60309197673753	4.61776333599549	0.0485717964218055	-4.1653746274048	4.01600349378731	8.18137812119211	3.13245327066806	-0.556363539317199	7.17412654532588	7.73049008464308
356	1.87449595440537	-0.430641739133481	4.13787078677296	4.56851252590644	0.661305201332557	-2.39585494486018	4.04584461586486	6.44169956072504	2.52745269293845	-0.525093089991429	5.92270429788218	6.4477973878736
365	3.32373465455175	1.19080065369743	6.1249819877098	4.93418133401237	2.46494742504403	-1.88539188357122	6.19085733294724	8.07624921651846	5.72436904131988	2.09075782211513	9.08875302918694	6.99799520707181
335	1.59000690964643	-0.312925368230505	3.34899776268236	3.66192313091287	3.18374358388911	0.799855658823305	5.92596503959621	5.12610938077291	4.75854957406719	1.90800860208884	7.89334810525955	5.98533950317072
362	3.48845574417554	1.54452791378661	6.03056558409875	4.48603767031214	1.75364991904984	-2.62199006101272	5.95735266350486	8.57934272451759	5.33618578028365	1.33102246954333	9.10829334352637	7.77727087398304
343	1.97092773190243	-0.610122782637646	4.41952485533752	5.02964763797516	0.640175661660846	-2.31662759672585	3.62853532734309	5.94516292406895	2.71919413387281	-0.969867581505564	6.039014618347	7.00888219985256
355	1.3086825368176	-0.655466340529264	3.24021562106808	3.89568196159734	2.31012447129905	-0.0292767269129182	4.98803901974174	5.01731574665466	3.71535351657717	0.44040536785879	6.63744028665984	6.19703491880105
381	2.63993788819374	0.478086791968466	5.62605284781715	5.14796605584868	2.11353843605544	-2.7674408443458	6.54150335826733	9.30894420261313	4.74105968539791	0.886501980722928	9.10820194499564	8.22169996427271
380	1.73060098516814	-0.720714894731296	4.52862899100999	5.24934388574128	0.379809068884114	-3.72117743158431	5.10177325255939	8.8229506841437	2.08651338133686	-1.25761055882286	5.54073768578256	6.79834824460543
366	1.2621497780098	-0.668401190590159	3.42641719571319	4.09481838630335	2.5011536819295	-0.39792138060657	4.97460471391563	5.3725260945222	3.69128120989148	-0.0246307453788224	6.76339708504229	6.78802783042111
375	1.18002614558843	-0.489641134837261	3.58178858093425	4.07142971577151	3.53993840792649	-0.514796040183532	7.69683041466289	8.21162645484642	4.73001915422621	1.1312878348444	8.62409501450556	7.49280717966116
372	3.03084434348577	0.627254394465816	6.34179098276027	5.71453658829446	1.80289083605297	-1.52706258831464	5.25672977715691	6.78379236547155	4.90086579180481	1.52287223806829	8.7199247984247	7.19705256035641
388	1.5059319586505	-1.24665922042699	4.78955296785194	6.03621218827893	2.71719764118307	-1.94593542937419	7.23486178983588	9.18079721921007	4.26923880953833	0.539230752352934	7.99715527623371	7.45792452388077
371	3.90310291605275	1.56213519993451	6.99650105047999	5.43436585054548	0.0678615113524186	-3.06195016652721	3.53337966207341	6.59532982860063	4.13245124454442	0.701664922097388	7.82565696268563	7.12399204058824
385	1.01294426965703	-0.811813662849367	3.10211297206225	3.91392663491162	1.91202940769368	-2.15890232037776	5.58991708249729	7.74881940287505	2.97470846819543	-0.806077236817663	6.16412784152797	6.97020507834563
384	0.966701988467234	-1.82232409719981	3.79271803004668	5.61504212724649	8.39194174041481	3.6271514559654	12.9261354257751	9.29898396980966	9.34058286307409	5.30060096550808	13.0743705404577	7.77376957494966
369	0.784707626710001	-1.23417508554873	2.85969221007667	4.0938672956254	1.77792206179053	-1.03544196743294	4.5165474541198	5.55198942155274	2.49395735670393	-1.15291038386762	5.7619368711541	6.91484725502172
392	0.206402312481007	-1.9428767429905	2.32574936904711	4.26862611203761	4.07690261541035	-0.515624467764747	8.35625282730438	8.87187729506913	4.30488205531835	0.372273859377699	8.06690396561549	7.69463010623779
393	1.90608793258899	-0.691371837592452	4.74004217179684	5.43141400938929	2.7581212247796	-2.0607272951644	7.16251873995895	9.22324603512335	4.60652070838147	0.821540146274606	8.44008491403285	7.61854476775824
391	-1.58166463346146	-4.35352391656343	0.982228015443078	5.33575193200651	5.66168353629389	1.13449191321033	10.9639575095276	9.82946559631728	4.31129168318062	-0.0388454107602015	8.17326180699203	8.21210721775223
395	2.45288729929995	0.574639957787242	4.88535878756641	4.31071882977917	0.393259375372311	-3.61686354759945	4.53006885105719	8.14693239865664	2.95691754949331	-0.950913212076991	6.64035880288202	7.59127201495901
399	1.08666322124733	-0.940260761259633	3.21105072991713	4.15131149117676	-0.405136392768786	-5.47238463296202	3.77351345624266	9.24589808920468	0.614319557116632	-3.94951352722613	4.36830293955068	8.3178164667768
382	1.02750055341869	-0.797789113883351	3.1468861039977	3.94467521788105	0.0828546746230849	-2.56769120192949	2.87416888755192	5.44186008948142	1.19406755049712	-1.83536927218088	4.14852880822659	5.98389808040747
416	3.51724867492709	1.25951482415363	6.19985699613663	4.940342171983	-2.48834539113031	-7.15264110302222	1.86296761320411	9.01560871622633	1.22092398334196	-2.8403988392166	4.92208344286834	7.76248228208494
407	3.27083464092809	0.934956755130819	6.03592195717599	5.10096520204517	0.153521116479127	-4.0948286281575	4.30268381771578	8.39751244587329	3.50025978695864	-0.39441627890182	7.10293541850229	7.49735169740411
405	2.79558301514538	0.87028867256908	5.4342014769041	4.56391280433502	0.14180025133429	-4.22632342622924	4.08579357726861	8.31211700349785	2.93026359105717	-0.94618742419616	6.55644398426542	7.50263140846158
410	4.36038133137323	2.21530239140692	6.93360288644394	4.71830049503702	1.4688105830532	-2.72604115282644	5.23274926794286	7.95879042076931	5.83949663542435	2.2383967973221	9.62507902889362	7.38668223157152
411	1.01224516765154	-1.07604012553948	3.14696735163526	4.22300747717474	3.3556243504346	-1.09192207921883	7.69268372991498	8.78460580913381	4.3999495204366	0.0460292174927715	8.19242247589106	8.14639325839829
387	1.24392156233845	-1.1129125062284	3.33630309175329	4.44921559798168	2.51448682827241	-0.0968437908450095	5.52060684858295	5.61745063942795	3.71109729985461	0.575569493552384	7.61463097454862	7.03906148099623
389	2.03534661561459	-0.00953838954622533	4.53396100775277	4.54349939729899	1.05970568878038	-1.62510269436288	4.52136577198062	6.1464684663435	3.05864263921637	-0.21622765860021	6.73251179706364	6.94873945566385
378	3.07475496096083	0.400129695787898	5.77810694813776	5.37797725234986	0.804684758851786	-2.23455100406272	3.91790391643773	6.15245492050045	3.98234057498987	0.665816046728935	7.27464439486339	6.60882834813446
403	1.87622868281154	-0.0939458084581104	4.48930225076171	4.58324805921982	3.04465843722231	-1.6127637274706	7.2002026776808	8.81296640515141	4.76372415960094	0.967257880613575	8.99254283869345	8.02528495807987
414	0.670371035376217	-1.79508257293893	3.42701166011085	5.22209423304978	3.95878211477777	-0.619469583770371	8.6377058390176	9.25717542278797	4.61705873454814	0.526818434803372	8.71550356296997	8.1886851281666
396	3.35288980175281	0.942273281885894	6.33198715362383	5.38971387173793	1.78865317397333	-2.47342536153839	6.41968834922911	8.8931137107675	5.22672344071318	1.41363114298339	9.24305371842044	7.82942257543705
426	3.06404208878679	0.407071346489488	5.87574837316923	5.46867702667974	-1.56468675282983	-6.06508565616831	2.81761409451862	8.88269975068692	1.61882114688884	-2.15489864402155	5.23305890854835	7.3879575525699
425	-0.856821779266848	-3.38712265751803	1.79339140617197	5.18051406369	4.77733180336669	0.253658982243986	9.84541032186564	9.59175133962166	4.05909411836166	-0.31010637649633	8.19489385661664	8.50500023311298
390	1.06548016375129	-0.876503066977493	2.90706648117927	3.78356954815676	2.50684455926944	-0.227332077914828	5.00849890086261	5.23583097877744	3.57032135107724	0.172825800352133	6.53892316418043	6.3660973638283
432	2.92998252830765	0.646568909038959	5.83396959780085	5.18740068876189	4.48459749463248	-0.356079372119687	8.9599013902836	9.31598076240329	7.56216664002154	3.26038333916026	11.2688297658103	8.00844642665009
394	2.78488615660501	0.473041817375083	5.31180697718646	4.83876515981137	2.9437983291192	-0.345689441325803	5.70742207615317	6.05311151747897	5.97269416368402	2.24678896403281	8.82483797176635	6.57804900773354
431	2.78448777802127	0.973401245400678	5.59534477713878	4.6219435317381	0.884499755355412	-3.15414449465235	4.57501390438835	7.7291583990407	3.67751789141872	-0.254353106986152	7.72396054585515	7.9783136528413
427	-1.10567149166224	-4.46787097522065	2.65175024675754	7.11962122197819	5.27697639051136	-0.563521714183811	11.089622738037	11.6531444522208	4.08709798910293	-0.865985780961076	8.68427294408538	9.55025872504645
419	2.07496101238203	0.0398844730312032	4.87610344342106	4.83621897038986	0.406194056108972	-4.12479597074223	4.98985278896717	9.11464875970941	2.54339245318087	-1.30366437624914	6.49537229623063	7.79903667247977
418	1.76376282220862	-1.51916389616304	4.85898665569364	6.37815055185667	1.21117726154283	-3.21401313766957	5.92520246251037	9.13921560017994	3.02079743448996	-0.505099377324042	6.64651975910038	7.15161913642443
428	1.34663606009371	-1.146549446014	4.19243653524654	5.33898598126054	2.26488545025218	-1.98657703697202	6.69965943726161	8.68623647423363	3.63557478304844	-0.22243983646838	7.76462867579304	7.98706851226142
423	1.27616326747101	-1.16185821446335	3.70155987943415	4.8634180938975	2.24614892643645	-2.04135488832892	7.19710564945283	9.23846053778175	3.43483560942752	-0.0511610408372948	7.5890439282318	7.6402049690691
404	1.2807660202299	-1.07392040613634	3.93998592305496	5.0139063291913	5.7194490648107	1.52945442570381	10.087807382728	8.55835295702423	6.9682534059189	3.55797277220821	10.6440132612192	7.08604048901098
438	2.02905505023955	0.034044739748449	4.51198424908718	4.47793950933873	1.15816615764354	-3.08943467499476	5.50695078850896	8.59638546350373	3.20284454932031	-0.574156923307645	7.66323476029787	8.23739168360551
424	0.567466235134923	-0.758268479670895	2.23117492125816	2.98944340092906	4.24070016310289	0.661745724234321	8.14373918750218	7.48199346326785	4.80977606298033	1.41665167598924	8.52441620724477	7.10776453125553
436	3.73725376772195	0.61955664938722	7.58494282479021	6.96538617540299	1.50375185434457	-3.32386130633989	6.85759475648553	10.1814560628254	5.31680716767036	1.40953301776169	9.37762650010497	7.96809348234328
413	1.96003185961933	-0.542587761809233	4.66345963399146	5.20604739580069	-0.306891995864681	-3.29814796116883	2.62791290287534	5.92606086404417	1.71890539205636	-1.76045882370713	4.80996200681256	6.57042083051969
415	-1.11654085680486	-3.20182760122362	1.62647629713076	4.82830389835438	0.662096331735166	-2.19255570617913	3.66740052798357	5.8599562341627	-0.381812727533641	-3.62478802510203	3.3004444420799	6.92523246718194
409	2.76526838587646	0.379603759971308	5.17796114074279	4.79835738077148	2.11301570077179	-0.749692403781612	4.91926430301341	5.66895670679502	4.89404404264865	1.62580749683947	7.89855841862144	6.27275092178198
401	1.71064981400027	-0.333716636038899	4.2628884208824	4.5966050569213	0.83767947172813	-2.12881793146504	3.4870622776829	5.61588020914794	2.59836564466753	-0.578314576025878	6.18329598930903	6.7616105653349
402	2.01283064905063	-0.121716617636622	4.44269052137996	4.56440713901658	2.32968008683922	-0.242633159999178	5.09491016250804	5.33754332250722	4.40125692765092	1.30156899486247	7.92615687040388	6.62458787554142
430	1.21493505948192	-1.41032358541382	3.61214154274995	5.02246512816377	2.2203837932326	-0.944399594822475	5.60561219459297	6.55001178941544	3.47396996702832	-0.0999297850718007	7.12853396751038	7.22846375258218
429	2.02022444612765	-0.441997667619156	4.46959851590088	4.91159618352004	0.674829342296594	-2.37071522074972	3.93477447140986	6.30548969215958	2.65120089104401	-0.424623001074326	6.27674136542998	6.70136436650431
421	3.38434126241286	0.956644601719314	6.52413002654864	5.56748542482932	0.193046066360365	-4.3421968011467	4.77251715191084	9.11471395305754	3.72316285963704	-0.428929132710769	7.77678919600075	8.20571832871152
440	0.93993879751995	-1.33732194808177	3.28351244939346	4.62083439747524	1.91388709333633	-2.64854131230019	6.68882982665257	9.33737113895275	3.01077879507981	-1.16566109413153	6.97168853496065	8.13734962909218
449	0.607248847442042	-0.992890906273288	2.45072290924102	3.44361381551431	2.73379250224072	-1.71624845562412	7.06088646519784	8.77713492082196	3.26759509840027	-0.663731529830275	7.16127220371317	7.82500373354344
448	0.621875479192605	-0.921284986556292	2.29511479611608	3.21639978267237	0.393026348703239	-3.30047540896725	4.68899667113415	7.98947208010141	1.11345395409509	-2.62280093083638	4.92235265364452	7.5451535844809
420	1.43180090591338	-0.925963409977499	3.54390430606464	4.46986771604214	1.21035086893183	-1.5155933760299	4.50761517565696	6.02320855168686	2.63399056173831	-0.838298342481751	6.04812139322072	6.88641973570248
446	1.38513505184869	-0.547028821704612	3.73046322474891	4.27749204645352	0.317911165293088	-4.26041046704976	4.74575932421351	9.00616979126326	1.61018981850285	-2.45540224201106	5.43489107257611	7.89029331458717
417	3.63954835999294	1.5324052025268	6.36909518231642	4.83668997978963	1.4482999312686	-1.21630516392905	3.9474929343572	5.16379809828625	5.12388032562024	1.64194337129942	8.51035579278564	6.86841242148622
445	2.4924639388347	0.610994537010267	5.06985432870642	4.45885979169615	1.11351699434011	-2.88457839901832	4.93624000483279	7.82081840385111	3.64861115097082	0.258865324094535	7.32466206412179	7.06579674002725
437	1.51474050933965	-1.14084384442946	3.95767326888165	5.09851711331111	2.05586286998726	-2.7971218972225	5.41305874006188	8.21018063728438	3.60029544161954	-2.34542418776355	7.17058052427499	9.51600471203854
439	3.23768578237508	1.06051567805148	6.06038714804808	4.9998714699966	-0.0438764954444442	-3.01181574180051	2.69803583255908	5.70985157435959	3.2117773184433	0.0361248719198232	6.87599308008993	6.8398682081701
422	-0.145446297991112	-2.42597729541323	2.03582596068044	4.46180325609367	2.72946932561025	0.0512235328459879	5.60305979139927	5.55183625855328	2.65732376858694	-0.622644107791792	5.77792536080817	6.40056946859997
447	2.96826664364928	1.03495784293948	5.52459116736176	4.48963332442227	2.23546705929814	-1.04700224615598	6.82881400668181	7.8758162528378	5.32164303037156	1.69855418497685	9.35387757143133	7.65532338645448
443	0.586808910502761	-1.99349758889323	3.31316758472816	5.30666517362139	2.01516770769564	-2.63482153560752	7.3237627905264	9.95858432613392	2.73824259853711	-1.40703347927487	6.80702029922423	8.2140537784991
452	2.31499958049278	-0.348049026051154	5.29029801363465	5.63834703968581	-0.43267024936449	-5.66363840006927	4.66149072391019	10.3251291239795	1.79705787208731	-2.16746395916937	5.96871488879252	8.13617884796189
433	2.14783480847587	-0.23095082253325	4.3762810306866	4.60723185321986	-0.757802022016527	-3.66714135590294	2.16360121720641	5.83074257310934	1.36737116553213	-1.8483750904503	5.01789101223526	6.86626610268556
453	3.00208590727011	0.514799577249407	5.88994203314189	5.37514245589248	1.89244831582169	-2.30495277038549	6.6840973444553	8.98905011484078	4.90422251620508	1.54117386778043	8.93432816121486	7.39315429343443
444	4.41680092803723	1.67338221023141	7.61605985196857	5.94267764173717	-3.08933665046594	-7.40040148404534	1.03473931278537	8.43514079683071	1.39487799763098	-2.16790059542705	4.85821616072091	7.02611675614796
462	-1.08646379963578	-3.18734889223913	0.872764659000863	4.06011355124	-2.00783457029064	-6.44978430673584	2.50161033593679	8.95139464267262	-3.16362512233909	-7.21560250189127	0.975521619963836	8.1911241218551
469	-0.553179954230535	-2.37988363344738	1.04484096248093	3.42472459592831	2.00326890709324	-2.76528998788621	5.74496824072379	8.51025822861	1.50874036858509	-2.95918280073268	4.93308084414261	7.89226364487529
460	3.27604134252162	1.01035328544684	6.80190735108026	5.79155406563342	2.13727627246085	-3.23574998499543	7.15593059038308	10.3916805753785	5.75467227042938	1.16877035422542	9.52442022241953	8.35564986819411
465	1.94246239616312	-0.693118787717636	4.91367834587887	5.6067971335965	3.23192913624912	-1.56333631151818	7.6875201495438	9.25085646106198	5.08959379693647	1.47524740443661	8.92882664213617	7.45357923769955
464	1.49623825840694	-0.973630301264944	4.1672017779399	5.14083207920485	-1.21292146809714	-5.77611112859887	3.71529979004329	9.49141091864215	0.236727914836283	-3.65614479637917	4.52125668883044	8.1774014852096
467	5.32464474604842	2.58731936997965	8.79822412887043	6.21090475889078	4.32497779814876	-0.393717574323391	9.06238638602019	9.45610396034358	9.66511091643576	5.34553499592525	13.7598417226464	8.41430672672117
463	0.888423588977359	-1.38728943024619	3.11492469754003	4.50221412778622	3.15242501223359	-1.35224856235721	7.82032520059232	9.17257376294954	4.06597104065941	0.163099836253015	8.45337243520188	8.29027259894886
466	-1.50268298532269	-4.20121746579845	1.11940019652392	5.32061766232237	2.58178389505852	-1.74252697005906	7.98818014087721	9.73070711093627	1.18074965594371	-2.53663443736837	5.07310073801395	7.60973517538232
461	0.0906932339452178	-2.41322025342415	2.70906184853649	5.12228210196065	3.20968947647177	-1.7986694218188	8.41433598422913	10.2130054060479	3.44724335711511	-1.15467595848861	7.16850473749345	8.32318069598206
451	1.09873376902042	-1.49774179348745	3.53325071042884	5.03099250391629	-1.65190514143843	-4.18649220460461	2.33537400648934	6.52186621109395	-0.48754324226036	-3.6900671533044	3.35006736891995	7.04013452222435
450	1.2234781336363	-1.37152343973428	3.89240240196604	5.26392584170033	1.99097384418219	-1.18004568744235	5.45503880131547	6.63508448875782	3.19903690099834	-0.441862208027867	6.87141424861645	7.31327645664432
441	3.61333428821827	1.09445004996292	6.53105194662485	5.43660189666193	0.8319441741066	-2.55143046510021	4.10381108038867	6.65524154548888	4.58082469640992	0.749794007426555	7.91190308294713	7.16210907552057
442	4.3451586571374	1.3704282848066	7.13858476414364	5.76815647933704	2.5436100643297	-0.745319976165904	5.47997841771366	6.22529839387956	6.8299492801745	3.54007523416837	10.2580441140343	6.71796887986598
487	3.07487101843827	0.789270118638856	5.72056408632298	4.93129396768413	0.00539003733164289	-4.61299156817288	4.717002173456	9.32999374162889	3.15678303408485	-1.01715478728895	7.39990529996315	8.4170600872521
485	2.80754811932152	0.340911922473814	5.51804220805865	5.17713028558484	2.87971627537127	-1.62427970148677	7.35443002145825	8.97870972294502	5.69045843604379	2.16541305079712	9.57718426277762	7.4117712119805
480	0.748033099440268	-1.02082480408112	3.06982889764212	4.09065370172324	0.944856287552811	-3.46905615733157	5.16062472543995	8.62968088277152	1.65357304685429	-1.89500422389895	5.81500872636003	7.71001295025898
479	0.0431384033540543	-2.16618163216805	2.12423201639568	4.29041364856373	2.17971203587351	-1.95668212918395	6.20301448638624	8.15969661557019	2.02519792106669	-1.62503722840086	5.78798474812494	7.4130219765258
478	2.95660006279093	0.725748454854861	5.40450610070253	4.67875764584767	3.6267270595593	-1.00107487860929	7.98306106907016	8.98413594767946	6.6158144839058	2.22065507105214	10.7778401880121	8.55718511695996
483	0.0779863670657052	-1.72353932612586	2.15526112702636	3.87880045315222	-0.602809383817191	-5.43119999620337	3.55050729544217	8.98170729164555	-0.557686524615571	-4.33516125191831	3.19427745863398	7.52943871055229
486	4.65107498720593	1.417682671585	8.28132822465179	6.86364555306678	-1.96438732736747	-7.04016481103648	3.24193399901095	10.2820988100474	2.67677130403348	-1.33808253291938	7.39691852370019	8.73500105661957
484	3.19882822495926	0.457322102563337	6.46484094089286	6.00751883832952	1.34818311984664	-2.95678161473637	6.22706778433338	9.18384939906974	4.95799894671287	1.02559364597618	8.66126011072475	7.63566646474857
477	2.88838199167674	0.405127235125987	6.03061576932265	5.62548853419667	1.39529132734377	-3.34673608534347	6.3023125458944	9.64904863123787	4.46699607509113	0.138304054445264	8.83932678489078	8.70102273044552
474	3.31173325039727	0.881918444262151	6.30535590602581	5.42343746176366	-1.55809598157977	-6.25356544830519	3.42999428741433	9.68355973571952	1.72041852074862	-1.98146244185351	5.76389034139992	7.74535278325343
482	2.93485562949421	0.536093833136548	5.72061100606389	5.18451717292734	-2.67897555281278	-6.98238950685487	1.61492245510109	8.59731196195596	0.392159484976399	-4.09156223715912	4.00369965947402	8.09526189663313
475	-1.62257811549136	-4.89056752967611	1.3204336331496	6.21100116282571	2.20336813067237	-2.47801029746153	7.68852939031401	10.1665396877755	0.823500976288556	-2.97777511070884	4.79170154522995	7.76947665593878
500	2.42702697202243	0.354803135007467	5.31709478632854	4.96229165132107	2.19170385081634	-2.27053394856253	6.73486124263061	9.00539519119314	4.66755649448482	0.583000531196869	8.84202353318792	8.25902300199105
498	1.9378581926232	0.364345041065211	4.12622799233463	3.76188295126942	-0.344040474920077	-4.19959239724401	3.45101205204667	7.65060444929068	1.68098242246094	-1.83386182133436	5.22695068387453	7.06081250520889
496	2.10815085193067	-0.240916454783575	4.75937154913413	5.00028800391771	4.07639380639711	-0.422085722888071	8.50330502220046	8.92539074508854	6.27195882281658	1.82750759240695	10.5847334465301	8.75722585412319
489	5.53925541640782	2.78832336548091	9.38492863955815	6.59660527407724	-0.991048669889873	-6.20877973143203	3.45223696951126	9.66101670094329	4.53089816217732	0.203924061524902	8.31730171508816	8.11337765356326
468	1.21824953988561	-0.759779693316776	3.52631655645965	4.28609624977643	1.45254658746613	-1.57258729282924	4.29747752322615	5.87006481605539	2.76233106548326	-1.16384082038351	6.80892989308581	7.97277071346931
493	1.56162812663252	-1.44730637702042	4.87054019766633	6.31784657468675	2.53986483270354	-2.45909137982869	7.73844691463844	10.1975382944671	4.1508209499281	-0.0487483045540378	8.20736478262916	8.25611308718319
459	0.625472981275778	-1.70060250322865	3.09587797648551	4.79648047971416	1.38397267107019	-1.47066321910891	4.03540953734749	5.5060727564564	2.05980660058633	-1.31922107935664	4.94377915562143	6.26300023497807
458	2.7749012199868	0.431074274986044	5.29654930373707	4.86547502875103	3.72358148050529	0.959485838248885	6.40221593852935	5.44273010028047	6.4773309277416	3.22202800476229	10.0981305993447	6.87610259458239
497	3.29303357966438	1.20908471624894	6.15056238504909	4.94147766880014	1.97395804507706	-2.79555505702371	6.16182412264682	8.95737917967053	5.19571270158535	1.19595325050999	9.3674951089966	8.17154185848661
490	3.3637541697348	0.703263231016449	6.52932881677488	5.82606558575843	0.449744641202934	-4.68795309519851	5.02851053464241	9.71646362984092	3.64551765169531	-0.46587987062459	7.45614115693092	7.92202102755551
494	3.27976193813053	0.98490543748688	6.01501971028027	5.03011427279339	0.515742678215357	-3.72486075168235	4.74146055811834	8.46632130980069	3.85250592188987	0.348765901746875	7.66951498069797	7.3207490789511
476	0.999119284757532	-1.1044284268631	3.02837226046437	4.13280068732747	-0.071731464645268	-2.50874290377433	2.58771621887327	5.0964591226476	0.953498016168653	-2.11075558190247	3.82123863514611	5.93199421704858
473	1.19033578883444	-1.4636838048962	4.2409886064475	5.70467241134371	2.02485179246344	-0.827242824698816	5.24199083478699	6.06923365948581	3.13638172958236	-0.0522051107835429	7.11116638871785	7.16337149950139
481	1.6929010168002	-0.863602459016636	4.69151364506739	5.55511610408402	0.707831907712747	-2.83683871240663	4.26359363629973	7.10043234870637	2.56396774467825	-1.3886892112029	6.35059266241458	7.73928187361748
492	0.476142740393791	-1.45888500577196	2.36803017997899	3.82691518575095	1.43819608773044	-1.23916709694715	4.303733617744	5.54290071469115	1.95090201834145	-1.15580066654307	5.20202082445115	6.35782149099422
488	0.838130650535664	-1.74080645099149	2.86629300032864	4.60709945132013	0.498632658821935	-2.92165086206877	3.56382935547569	6.48548021754446	1.35066616246583	-2.32490799443489	4.6485977004923	6.97350569492719
495	1.26443659940032	-0.64226641112353	3.23230279715105	3.87456920827458	2.50089961595842	0.109973230191857	5.23587015328826	5.1258969230964	3.74531565671916	0.756363032436222	7.12538145967386	6.36901842723764
