"run_ID"	"NIE"	"NIE.q025"	"NIE.q975"	"NIE.CIl95"	"NDE"	"NDE.q025"	"NDE.q975"	"NDE.CIl95"	"ATE"	"ATE.q025"	"ATE.q975"	"ATE.CIl95"
15	1.62997980444683	-0.650092610901869	3.59242033082292	4.24251294172479	1.29590661778307	-1.7575995665915	5.20845059543045	6.96605016202194	2.88661275496748	0.130559498633354	6.35370471226824	6.22314521363489
1	1.57427686365947	-0.358901781710667	3.4544681384103	3.81336992012096	2.28476483526973	0.14148106912237	4.5378564559495	4.39637538682713	3.84719160731559	1.56594494575261	6.4261613316247	4.8602163858721
16	1.16226174476807	-0.224625119647132	2.84362759552011	3.06825271516724	2.07597765574632	-1.0868432181265	4.78227726688952	5.86912048501602	3.04503865247317	0.281607593299813	5.56285731331926	5.28124972001944
31	2.14607568118844	0.486798895908154	4.12737072677671	3.64057183086856	2.99248232425023	-0.345472478853285	6.44413946397625	6.78961194282953	5.22236458313353	2.31490029108378	7.82869406045116	5.51379376936738
9	2.48640038388829	0.532049759995718	4.14082388397335	3.60877412397763	0.813864740048921	-1.60340259699777	3.20724316235013	4.81064575934789	3.27644751623958	0.640912373901343	5.73269399923281	5.09178162533147
12	2.37353981595068	0.615859375948926	4.79976054377886	4.18390116782993	1.44063465645227	-1.52935102707731	5.08570046183941	6.61505148891673	3.96251507729159	1.27651045182035	7.32608517218557	6.04957472036522
17	2.48311344905048	0.99132823678777	4.13865210903243	3.14732387224466	2.25476281028127	0.64819995517717	4.33468743019051	3.68648747501334	4.76257276189252	2.50518088648399	6.85493514453347	4.34975425804948
34	4.12984576769635	2.4873602800651	6.13124633585883	3.64388605579373	1.33873987437521	-1.39113708389217	4.19305165883239	5.58418874272456	5.31595080223286	2.86935279491876	8.33269221968851	5.46333942476975
4	2.02573732697049	0.435676774857378	3.90175616834025	3.46607939348287	3.30803478908068	1.14849157453394	5.43894521526452	4.29045364073058	5.29585962989706	3.10994174833601	7.55053480707115	4.44059305873515
18	0.786256691937214	-1.08509624321694	2.42357435857214	3.50867060178908	1.82045838857565	-0.0917805238337678	3.69335571921792	3.78513624305169	2.56227054825568	0.0403094535302328	4.76704619888603	4.72673674535579
13	2.24484233232928	0.421953370647789	4.10715855498576	3.68520518433797	2.66412403617776	0.989097141296974	4.6939952230962	3.70489808179922	4.93313581521075	2.39737711405343	7.3303858921837	4.93300877813026
3	1.49447381364664	-0.37577076160212	3.13811236677928	3.5138831283814	3.06590349600988	1.02455535926226	5.33667986880605	4.3121245095438	4.69186447823523	2.10290554375241	6.96624961538313	4.86334407163072
20	2.76914584563557	0.840160651955735	4.47987574078593	3.63971508883019	1.40481834893436	-1.12969295084522	3.51593247607599	4.64562542692121	4.09924412818315	1.54199469628301	6.41588786851163	4.87389317222862
35	4.41135928335748	2.85122011972653	6.60556380665289	3.75434368692636	2.51148632871991	0.144237943412867	5.90797744441363	5.76373950100076	7.29118331423805	4.452747016666	9.9445531146942	5.4918060980282
2	1.24319139466607	-0.342519227592775	2.67831155162279	3.02083077921557	2.54328401361698	0.0861951953629974	4.72086210154058	4.63466690617758	3.79848796978328	1.40096149212867	6.24849808969362	4.84753659756496
14	1.83740156205464	-0.0425244432394066	4.16036636712535	4.20289081036476	2.75769475387695	0.170946672873607	4.84316044741826	4.67221377454465	4.5796808727959	2.06653477485257	7.6686893362506	5.60215456139803
5	1.66524473354801	0.0256497210709518	3.51804684277287	3.49239712170192	-0.0513351995040621	-2.01414328253248	2.4009031826245	4.41504646515698	1.71062755698916	-0.837209766111321	4.16405311711872	5.00126288323004
7	0.968026758243432	-1.07629388582493	3.21695115038899	4.29324503621392	3.27868532189591	1.10258847803147	5.81523551987986	4.71264704184839	4.20148487411815	1.83220986809216	6.66161200256907	4.8294021344769
23	3.91114617385932	1.87210723191538	6.00640844912905	4.13430121721368	0.324033912445093	-3.02352465899295	3.84972833089992	6.87325298989286	4.25193502966321	2.04353187345866	7.19531320195661	5.15178132849795
30	1.44054340339627	0.0604388753791655	3.08587845618534	3.02543958080618	1.65254242357311	-0.451102497117347	3.94470618996835	4.3958086870857	3.02477327573591	1.20130071390055	5.93469062773739	4.73338991383684
25	1.4370542965151	-0.59631057946205	3.53382592177544	4.13013650123749	1.65090472041392	-0.523149417273566	4.06227760690397	4.58542702417754	2.94683210613151	0.839497048709667	5.33641215799652	4.49691510928685
6	1.76383822592328	0.298478804822849	3.28079164008299	2.98231283526014	1.09314018516575	-0.890684979396134	3.15270154626524	4.04338652566138	2.84244072807268	0.6094371878229	5.16014446837275	4.55070728054985
24	2.55183711290147	0.813088244375579	4.33488934809761	3.52180110372203	0.632220551901471	-1.33516954538463	2.66424034564743	3.99940989103206	3.14791055283197	0.442559183637369	5.61093873670561	5.16837955306825
26	2.16952481285771	0.340672033288377	4.38632356442443	4.04565153113605	2.77841067827645	0.102875868780576	5.15511583794567	5.0522399691651	5.09298278631567	2.69114538924311	8.07288966386936	5.38174427462626
27	1.21295620355177	-0.455275991856139	3.21000647447646	3.6652824663326	2.39723624825502	-0.71737914908057	5.33692065147397	6.05429980055454	3.69468861893088	1.41294360182678	6.44061338390253	5.02766978207575
22	2.77656994337409	1.01574150827913	5.00297130135253	3.9872297930734	1.05465646348598	-0.72769136635712	3.3996646365694	4.12735600292653	3.92791890694228	1.6119238619625	6.51680091976579	4.90487705780329
19	2.36715383260132	0.425698655984262	3.94594635240314	3.52024769641887	0.60909229511704	-1.43443153511622	2.36491753874536	3.79934907386158	2.75353560273991	0.734793673778406	5.32774272353143	4.59294904975302
37	2.75831707970431	0.833421511135522	4.66267466300845	3.82925315187292	2.22321343386673	-0.220932918023962	4.61136455380423	4.83229747182819	5.07473352064051	2.26014111276509	7.4624091848949	5.20226807212981
8	3.33403034118386	1.15283022747358	5.1052157218775	3.95238549440392	2.23622527484151	-0.226730904559726	5.10287408809563	5.32960499265536	5.55944380361212	2.54360591196363	8.28110327979746	5.73749736783383
33	2.61954945342421	0.839190241321958	4.79507960084957	3.95588935952761	3.65633513323621	1.16093688293682	6.19474826375555	5.03381138081873	6.25312927804109	3.93238659769645	8.84223154635857	4.90984494866213
28	2.68908150780457	0.560040246849686	4.96277525973073	4.40273501288104	2.36102368717121	0.382274017038701	4.98554604571321	4.60327202867451	5.15573482536922	2.71016615271701	7.1632246330917	4.45305848037469
45	0.0230769138448346	-1.71156796376386	2.10326219811839	3.81483016188225	2.21615680334123	-0.886988219075877	5.63738542169228	6.52437364076816	2.26771746638326	-0.348154177353354	5.25357088234282	5.60172505969617
39	1.90290971209735	0.134748685495168	3.70781366158613	3.57306497609096	2.16141067257902	-0.0472362598641361	3.96685908140903	4.01409534127316	4.12407286963612	1.806771331739	6.41803151596833	4.61126018422933
32	3.29952991495808	1.73034352421914	4.91764450035286	3.18730097613373	0.979176012229045	-1.15313510338735	2.7141438401096	3.86727894349696	4.14917739786865	1.69107157009112	6.5700509009053	4.87897933081419
38	2.91866505302415	1.42022750814191	4.9478684168494	3.52764090870748	1.52625745715055	-1.39861850704927	3.92997614636878	5.32859465341805	4.49858246827027	1.5064260876015	6.87614101649853	5.36971492889704
29	2.7270000279955	1.07537570835924	4.65873122885323	3.58335552049399	-0.800269814267613	-2.44215390445997	1.1590232029844	3.60117710744438	2.07643805155732	-0.375066346455606	4.33677990874512	4.71184625520072
53	2.23472505579857	0.440041106380096	3.99272960448446	3.55268849810436	-0.446899507448968	-3.56532521651865	2.86995871974374	6.43528393626239	1.74980695577794	-0.972971454845966	4.39510231112099	5.36807376596696
48	3.65747805349727	1.77047596025359	6.09444528369082	4.32396932343724	2.43227323671528	0.45051826419207	5.96985918010215	5.51934091591008	6.18846644089201	3.89553398117817	9.36922117689009	5.47368719571192
51	1.82740461573378	0.24670396547091	3.46039209916801	3.2136881336971	0.973474449124018	-0.769731333911928	2.56968595170827	3.3394172856202	2.73086898851072	0.397590475689786	4.80244871035459	4.4048582346648
36	1.23764463483151	-0.603783385728915	2.95401776788747	3.55780115361638	1.78794377037546	-0.244946796362175	3.79549441976484	4.04044121612701	3.07082998097002	1.01481721625042	5.2851452541111	4.27032803786069
49	2.58106378083521	0.465566947345164	4.22225187145326	3.7566849241081	2.18622201436876	0.0919600791318163	4.5902866918469	4.49832661271508	4.81103084762318	2.46886725386638	7.04862316166394	4.57975590779756
40	2.5210122263517	1.10383131803112	4.15496478467443	3.05113346664331	1.55756206321334	-0.280906584111783	3.93474601308716	4.21565259719895	4.12348991736641	1.7726176316769	6.46500854554691	4.69239091387002
41	2.81361008159769	1.35512958433152	4.44830831488778	3.09317873055626	1.06859142312197	-1.33707034940737	3.11824527956965	4.45531562897701	3.94709408987338	1.52469417426055	5.9916902802537	4.46699610599315
54	1.85925421189101	0.0843628940040798	3.77893395169562	3.69457105769154	2.46543824589789	0.560087404573404	4.64671884513095	4.08663144055754	4.4188050368026	2.32206217787805	6.60803208069986	4.2859699028218
44	0.0951291736585707	-1.26546563376097	1.69275646662783	2.9582221003888	2.94876532056676	-0.451840761022988	6.29209001853451	6.74393077955749	2.90930365328817	-0.105909690684435	5.7758732498382	5.88178294052264
43	2.4011221863632	0.391840421005492	4.20456844755713	3.81272802655164	2.19351508480517	-0.085685825235181	4.40773850471235	4.49342432994753	4.53246535032228	1.80349040141464	6.71905448988743	4.91556408847279
78	1.49723830640592	0.338145628321286	2.67301336350523	2.33486773518394	1.09454304054067	-1.51712427263212	3.52936657371821	5.04649084635033	2.61765798756794	-0.0919178048188252	5.28087718529893	5.37279499011775
47	1.66222346685883	0.190695096229269	3.34411483892771	3.15341974269844	1.68457643395076	-0.0961398104284789	3.61335982921581	3.70949963964429	3.39679352962458	1.12741460240894	5.71191623924806	4.58450163683912
63	4.02361487200901	2.44525601854033	5.89007458958937	3.44481857104903	0.798193105174983	-2.00101898274639	4.00789321317725	6.00891219592364	4.99438986306596	2.51317758418617	7.86128721127347	5.3481096270873
50	1.95499173133438	0.249696495625393	3.6310640531127	3.3813675574873	0.349659093480951	-1.3805708255484	2.46001578840391	3.84058661395231	2.29675026253335	0.28919047528982	4.73562388071757	4.44643340542775
52	1.46192892595052	-0.326686218175376	3.52896298728428	3.85564920545966	1.13262201887314	-0.977431402735189	3.25157717196316	4.22900857469835	2.77204095463503	0.0452791845930492	4.90072803580439	4.85544885121134
57	2.71395084691352	0.728710612516897	4.35144477879688	3.62273416627998	1.61669913343298	-1.00186900938278	4.12820632518513	5.13007533456791	4.34381407233692	1.70840857382975	7.10962874426309	5.40122017043334
56	2.14964933980484	-0.0474027593067228	3.86107256573066	3.90847532503739	0.719954475718725	-1.42064292847796	2.84371255571006	4.26435548418801	3.04082786501413	0.340236809971035	4.9087580447519	4.56852123478086
76	2.21409874664754	0.699732121153861	4.04361521302717	3.34388309187331	2.90192992391782	0.433813423683921	5.18968704206876	4.75587361838484	5.06197757449774	2.55467280503249	7.71736621312172	5.16269340808923
60	2.48575494575348	0.762738809440208	4.60473449839932	3.84199568895912	2.96338553220046	0.298050384826818	5.20000866746221	4.90195828263539	5.45066055901259	3.04972364551429	7.87272138685147	4.82299774133718
58	1.60577139006569	0.0830267074340818	3.34858986426723	3.26556315683315	2.46654655168252	-0.522174114883007	5.78646117429732	6.30863528918032	4.19264557473933	1.56974833304026	6.75146009123144	5.18171175819118
66	1.57700470850446	0.178637023391548	3.12299664745532	2.94435962406377	2.17494081473777	-1.38399620687167	5.38794883615001	6.77194504302168	3.77817568120508	0.277712184248755	6.55230702380389	6.27459483955514
55	2.32988192027679	0.308376622290382	4.3193664579206	4.01098983563022	1.93300533914295	-0.245696220556574	4.34314334703832	4.58883956759489	4.28038928074405	1.2093086316199	7.13634498941432	5.92703635779442
77	1.83188373636265	-0.238602595319464	3.6073768275618	3.84597942288127	1.30209785401212	-0.909208559732353	3.36164661237902	4.27085517211138	3.10551699931829	0.503988246077786	5.63892045764774	5.13493221156995
72	1.48374163443354	-0.139459877754234	3.45517819811265	3.59463807586688	2.50049809363149	0.25458621333843	4.78084380787769	4.52625759453926	3.98596302198566	1.49809656443367	6.68409331411831	5.18599674968464
94	2.757199382161	1.003409533512	4.57293762680535	3.56952809329335	1.19604601235897	-2.11482304778206	3.78475508300972	5.89957813079178	3.9890966622834	1.41756040485508	6.39709256042812	4.97953215557304
74	3.32991386725699	1.61224957389092	5.24764428744099	3.63539471355007	1.63311577003494	-0.700313850099622	3.70517455349495	4.40548840359457	5.04567217384211	2.45201024095049	7.61105960352905	5.15904936257856
73	2.63305594583134	1.28240055601507	4.67769518231766	3.39529462630259	1.7256270222413	-2.04911659430879	4.37981074325616	6.42892733756495	4.33221008014557	1.15239606624495	6.87876866857045	5.72637260232549
46	2.20813075514494	0.596872868584358	3.9538080835569	3.35693521497254	1.70382239112412	-0.487100856243021	3.99370857531528	4.48080943155831	3.89218729742815	1.39319774662233	6.39744522690192	5.00424748027959
75	1.89980936530058	0.335682384590464	3.83524183669931	3.49955945210885	2.61473491910836	0.508386736617228	4.49106162887369	3.98267489225646	4.5115804821063	2.34523803733625	6.56953065460243	4.22429261726618
62	1.24605042619894	-0.252086417086952	3.46947121392527	3.72155763101222	-0.0543375171538658	-1.90632446513211	2.19035050718792	4.09667497232003	1.30977963534638	-1.053525193797	4.16314745204488	5.21667264584188
61	1.87479045793658	-0.399929165812527	3.37830300048293	3.77823216629546	2.47296122148628	0.477766323630812	5.80769944778453	5.32993312415372	4.25193553104595	1.87968192901948	7.10654330523143	5.22686137621196
106	1.08683918228767	-0.189107141960062	2.96108684072485	3.15019398268491	2.76593181731318	-0.263473400361258	6.17704074507236	6.44051414543362	4.07706298491926	1.24845489804151	7.05540422903547	5.80694933099396
59	0.83630804025762	-0.739333021865977	2.37610569093689	3.11543871280286	1.06602726002399	-0.849266823647155	3.53525907160812	4.38452589525527	1.97821901097694	-0.291281025404362	4.47703978023366	4.76832080563802
42	1.50523472232412	-0.0431786661818856	3.0865103343039	3.12968900048579	2.49035255236022	0.63996163938318	4.57187426983719	3.93191263045401	4.04469423690184	1.24977915842435	6.49400510496308	5.24422594653873
104	0.700827370121724	-0.958065975309458	2.37093061933905	3.3289965946485	2.16833645791663	-1.18308310222097	5.2337731311383	6.41685623335926	2.88775203613566	-0.206829436684952	5.66258489041999	5.86941432710494
101	1.63451919469851	0.28670672356632	3.58896968215368	3.30226295858736	2.49402607152686	-1.49765390676796	5.24811852610442	6.74577243287238	3.96380590010443	0.862093165524953	6.58304844585572	5.72095528033076
99	2.94469941373693	1.52006105894201	4.9603936115622	3.44033255262018	2.46223677959615	-0.454868118377038	4.7005423753429	5.15541049371994	5.48894613762	2.7777452691812	8.02388051706389	5.24613524788269
65	1.51206826577572	-0.249236742651145	3.84167516316363	4.09091190581477	2.64472166030593	0.302329931827307	4.70076487043228	4.39843493860497	4.1450237247702	2.09775280240195	7.36725325839929	5.26950045599733
67	2.53842283450589	0.807124338715686	4.36382019944694	3.55669586073126	2.72061652260839	0.823093458984617	5.1539223936063	4.33082893462168	5.25974673985168	3.11459604536577	7.70969047711604	4.59509443175026
86	1.4871218064112	-0.349925521289131	3.11941336418126	3.46933888547039	1.51758662546401	-0.349764540579791	4.14931360651801	4.4990781470978	3.01700427148179	0.63049457035596	5.48713152385076	4.8566369534948
84	2.7625599525104	0.985507439993035	4.73040565376799	3.74489821377496	1.48243221627467	-0.386539891815841	3.69111121951889	4.07765111133473	4.12048516496176	1.83754739929701	6.41361912783289	4.57607172853587
68	1.24232892165725	-0.383206861845844	3.1316385550459	3.51484541689174	0.80551374061375	-1.15812868948163	3.09181258101832	4.24994127049996	2.14658086878292	-0.235417868800625	4.34359232232631	4.57901019112694
69	1.2448530458174	-0.581686846467665	3.05410249287104	3.6357893393387	1.75008184195925	-0.63331326175991	4.13095934861725	4.76427261037717	3.02518708776166	0.405736951546546	5.80936077893579	5.40362382738925
88	-0.084947815206982	-2.19284173670422	1.38388868735763	3.57673042406185	1.62222556868714	-0.334371919801733	3.9127324581219	4.24710437792364	1.523999351335	-0.954165274058981	3.88999548334713	4.84416075740611
89	1.64974612262262	-0.326489112254362	3.42183924497255	3.74832835722691	2.06765728776652	0.105847558166008	4.34264740070067	4.23679984253466	3.77604426350444	1.18413094950585	6.50297302835249	5.31884207884664
83	3.16526826928636	1.24081725012225	5.04775306229071	3.80693581216846	0.301030718661256	-1.89249504736807	2.25445691184841	4.14695195921649	3.32835070860509	0.965253379836883	5.59232380334359	4.62707042350671
91	0.606693879623629	-1.49254724306533	2.61385667585295	4.10640391891828	1.56038438338629	-0.806818207442076	3.87058503642315	4.67740324386522	2.18457409383894	-0.489726185381108	4.52408934403641	5.01381552941752
85	1.55760039499386	-0.0729632177129721	3.24264230594225	3.31560552365522	2.23640974204919	-0.250482989263027	4.23450279913017	4.4849857883932	3.64211825457267	0.638366732969194	6.09245783424646	5.45409110127727
64	1.08827078215731	-0.421008617149413	3.22010765382337	3.64111627097278	2.24289336861194	-0.248773607571532	4.47143725749075	4.72021086506228	3.25561630835205	0.446755508473514	5.82335450432862	5.37659899585511
107	1.68990045063926	0.252522492539184	3.37704824408875	3.12452575154957	3.8728814118352	1.0751747034013	7.18760792744901	6.11243322404771	5.68880013050261	3.30972553244677	8.40373469114468	5.09400915869791
93	2.34400076381645	0.772790600896481	4.14827391099872	3.37548331010223	1.73432616616956	-0.640059311378528	3.51397184475584	4.15403115613437	3.95218924406552	1.67716409999375	6.41808853168665	4.7409244316929
82	0.924545212562369	-0.633294588140927	2.9824898484345	3.61578443657543	-0.562652023358253	-2.34230534752005	1.52719170539214	3.86949705291219	0.459838920562963	-1.44967104643655	3.03313953147199	4.48281057790854
90	3.66307390098997	1.55269603168668	5.74269367295806	4.18999764127138	1.02624264064561	-1.40451536436099	3.20244502760949	4.60696039197047	4.73880715556178	2.30964018035437	7.08682544165939	4.77718526130503
109	2.37934209277249	1.02663457382715	4.00511574496745	2.97848117114029	-1.2699066225191	-4.20446884419623	1.10286717298406	5.30733601718028	1.00307604545926	-1.65011876073076	3.31892798677595	4.96904674750671
119	3.81038276137487	2.16660055383942	5.93442100921293	3.7678204553735	-0.78453343362846	-3.99677202432471	2.493139751807	6.48991177613171	3.14113772310052	0.0738076904895606	6.05077314244198	5.97696545195242
100	2.89309870594677	0.78880146121967	5.04651490586329	4.25771344464362	1.92601482797713	0.127179985645653	4.47154026310898	4.34436027746333	4.92468926111483	2.76951965072125	7.31404884209719	4.54452919137593
103	0.659170136112959	-0.935284601843289	2.50043929016089	3.43572389200418	2.5458558636839	0.233611464365342	5.34804487396984	5.1144334096045	3.23337359158644	0.623732721682645	6.12721227211498	5.50347955043234
96	2.21529720590425	0.593748285147559	4.01229313591457	3.41854485076701	1.1347749691699	-0.867101526554058	3.4091643640058	4.27626589055986	3.30839285525418	1.39454366442799	5.90633992264193	4.51179625821394
70	3.13922728485624	1.04191093332646	5.44539928647276	4.4034883531463	-0.0800671120651451	-2.30627733618991	2.63621543101848	4.94249276720838	3.16770315703969	0.63910883982335	5.65923236659975	5.0201235267764
80	1.88049111287759	0.145071332673909	3.70511321207188	3.56004187939797	0.952377086756092	-1.33657486412598	3.06103765977322	4.3976125238992	2.92492233924175	0.0804465727566467	5.12354811190493	5.04310153914828
128	2.94884619988124	1.41741254150971	4.57909091050651	3.16167836899679	1.35395706339712	-1.85036799673714	4.10508564333322	5.95545364007036	4.37312896189612	1.49000336451167	7.10686129692282	5.61685793241115
79	1.34625280690672	-0.19122134567835	3.03287479325747	3.22409613893582	1.84787905388785	-0.220974888228198	3.8088883642764	4.0298632525046	3.32843165652682	1.07372252040502	5.47011409981321	4.39639157940819
87	1.13507152691614	-0.4126917552681	2.99804104570676	3.41073280097486	1.49439490643045	-0.329116089322613	4.44679333401332	4.77590942333593	2.7086448194737	0.602699413738192	5.73538118972311	5.13268177598491
71	1.76756734687219	0.0856194832965355	3.44944069699313	3.3638212136966	1.30754777654903	-0.629532562712357	3.92231551384331	4.55184807655566	3.28015588203667	1.07420687005897	5.41954702298995	4.34534015293098
126	1.31084654213941	-0.152642681449866	3.46814526703515	3.62078794848502	1.53162758982608	-1.44144856949556	4.79117629582954	6.23262486532509	2.85499785471658	-0.344679043962505	5.62425532421458	5.96893436817709
97	2.31655588484091	0.629796369068591	4.3511533464701	3.72135697740151	1.26804037553762	-0.721654252767206	3.54361835756115	4.26527261032836	3.63015396866015	0.845579591373	6.40195533830943	5.55637574693643
81	3.06728438861423	1.60319314583296	4.81903119864536	3.2158380528124	2.69882170744262	0.771775618659521	4.61869197455543	3.84691635589591	5.86609312171117	3.53162156144182	8.10810751697452	4.57648595553269
108	2.75318032306669	1.14334495003739	4.69439483908243	3.55104988904504	2.64152330431528	-0.622896648711069	5.53595880904067	6.15885545775174	5.36605497650383	2.65039939008505	7.73478854497796	5.08438915489291
95	1.61783634007231	0.0402758596027717	3.55224202974881	3.51196617014603	2.84137940375824	0.276333797172597	5.46390856935847	5.18757477218587	4.39053120480736	1.89134230485318	6.66346537739647	4.77212307254328
102	3.1892852096061	1.14073289242887	5.1432461672044	4.00251327477554	1.99564079743648	-0.0653892145313039	4.22493689646357	4.29032611099487	5.22734324522884	2.82441094730552	7.26605914497932	4.44164819767379
115	1.79210188880231	0.29619899745825	3.48232839435769	3.18612939689944	0.856139205679641	-1.38632067213533	2.94526677863802	4.33158745077335	2.7736321385817	0.389184957170937	4.98095900080215	4.59177404363121
92	2.06612391426509	0.481295711324137	3.91664138594185	3.43534567461771	1.6053633066436	-0.470493965371415	3.92631349602472	4.39680746139614	3.72869446874097	1.46118855115397	6.21570919330755	4.75452064215358
105	-0.204009312151996	-2.01775338890614	1.86247862657433	3.88023201548047	2.28757551190967	0.0408658328241367	4.7825208562527	4.74165502342856	2.21706194401549	-0.281523774959268	4.80283334505397	5.08435712001324
124	2.99379132125453	1.4209319429631	4.78881514651671	3.36788320355361	1.72363144497911	-0.768034067252779	3.47299808693334	4.24103215418612	4.62565553918909	2.08486777569762	6.93413918651189	4.84927141081427
114	1.08775386980872	-0.820085920301004	2.91014745927815	3.73023337957915	0.941529792709165	-1.50110425325747	3.37939941411057	4.88050366736805	2.05579818500293	-0.568170940352866	4.64381546479027	5.21198640514314
132	2.35113293128623	0.722095164067749	4.14237847448329	3.42028331041554	2.35811047084267	0.263137153803607	4.04617184583021	3.7830346920266	4.72292631000038	2.47167861620697	6.89495409831741	4.42327548211044
111	1.27815670294958	-0.472545691613989	3.16008004135072	3.63262573296471	2.19136125111496	0.175977121700204	4.69827552174461	4.5222984000444	3.50377822359442	0.503461175501964	6.36833511786397	5.86487394236201
117	1.88965333813638	0.142372580412287	3.59063948300379	3.44826690259151	1.2665226417873	-0.871197370288545	3.78930757362129	4.66050494390983	3.2352536660398	0.681238018163012	5.75570633508941	5.0744683169264
121	1.06354398100718	-0.655900699286768	2.62208032604838	3.27798102533515	1.48706210173792	-0.902446325431288	3.64887411852819	4.55132044395947	2.5059362292892	-0.0148973133720166	4.66954401913803	4.68444133251004
110	1.05723789263089	-0.253275941039278	2.62308308752724	2.87635902856652	3.00518723130241	0.834850569851474	4.8565039732462	4.02165340339472	4.1168795048097	0.428700149170022	6.3301429431649	5.90144279399488
127	2.72363913262452	1.05532764165899	4.3332456567042	3.27791801504521	-0.180317991143818	-1.86808862927874	2.07669551858126	3.94478414786	2.47688625552621	0.434829403639808	4.77378468945531	4.3389552858155
148	1.47685732187364	0.170307553312096	2.98430808055124	2.81400052723915	3.63164199195687	0.579958537707936	6.85576408249255	6.27580554478461	5.14195460073994	2.42969666875939	7.80986383471093	5.38016716595154
118	1.93895867466386	0.203722342848668	3.62055549735914	3.41683315451047	-1.27766735496426	-3.9329680240567	0.869273311557117	4.80224133561381	0.659927652808372	-2.01428231491721	2.78097652548149	4.7952588403987
98	2.75012337348526	0.718815811373782	5.11553781610306	4.39672200472927	0.243578191950549	-2.16461167908972	2.22681722830311	4.39142890739283	3.06194859465229	0.0560590516102652	5.67835223686658	5.62229318525631
116	1.07290254208527	-0.588577870050972	2.60721576715391	3.19579363720488	1.86850401796658	-0.720834898434481	3.70852438743685	4.42935928587133	2.98870488075922	0.484096216962163	5.01133368476286	4.5272374678007
137	4.43635104448522	2.67268565648008	6.63889520718724	3.96620955070716	-0.663326227285287	-3.39054475261571	2.62809508704202	6.01863983965773	4.04729302270335	0.887781403049513	6.92588959388133	6.03810819083182
123	2.75937825421899	1.13630950949294	4.36532331776289	3.22901380826995	1.72973704251948	-0.810056117030622	3.81761331498105	4.62766943201167	4.32194645254641	1.7826803421289	6.97712704671859	5.19444670458969
129	1.07980893584831	-0.739606309333602	2.9543392497956	3.69394555912921	3.04537455406985	1.12257094177682	5.43346819986174	4.31089725808492	4.19790040149401	1.68319747643404	6.73728514225772	5.05408766582369
113	-0.206719659033023	-1.82585984098313	1.47924902890416	3.30510886988729	-0.193642138136297	-1.94011523328413	1.91215039592682	3.85226562921094	-0.456870362552152	-2.40181046905761	1.94943429856619	4.3512447676238
112	1.65894036432573	0.237818185793887	3.2084937153268	2.97067552953291	1.72583362941953	-0.443303759889589	3.8609883948092	4.30429215469879	3.45878890334704	1.14593737306122	5.80177693099107	4.65583955792985
122	1.18667410937919	-0.466667764159094	2.8413261387736	3.30799390293269	2.2617260616282	-0.260676863710013	4.04739257409269	4.3080694378027	3.46307679840782	0.686790421978418	5.67990071890612	4.9931102969277
120	1.44784793912091	-0.0664346781417327	3.27078475300159	3.33721943114333	2.10021111187566	0.0707578233887202	4.43946694541519	4.36870912202647	3.50614057821502	1.41442685954131	6.07148279889215	4.65705593935084
131	2.61639830522953	0.842248369879174	4.13816008342851	3.29591171354933	0.81189398215971	-0.922015663398774	3.28575428924274	4.20776995264152	3.44809132791285	1.25521747987378	6.04968859659633	4.79447111672255
133	3.66847536263628	2.18960817288436	6.16526892993125	3.97566075704689	1.69504705640435	-1.89328345816909	4.11097468585802	6.00425814402711	5.46166711415029	2.43479712923369	8.00902476452347	5.57422763528978
134	1.73388736229569	0.140434886411134	3.76289719192273	3.6224623055116	2.45426091196567	0.297225749264723	4.56192246921426	4.26469671994953	4.24913720529083	1.34062690771565	6.80092649728432	5.46029958956867
146	0.943138653170758	-0.457276269732618	2.83762241209327	3.29489868182589	1.12543128837365	-1.33631697488095	3.12937025554433	4.46568723042528	2.04999726534121	-0.517368822196081	4.2531963431737	4.77056516536978
125	1.9253904339241	0.020700963138475	4.21720009127474	4.19649912813627	2.02220081246066	-0.0845791615022796	4.28343721564367	4.36801637714595	3.98306398923341	1.96515606484711	6.20123761084623	4.23608154599912
140	1.58986418504156	-0.329248479929903	3.68213957399985	4.01138805392975	1.34471114516109	-0.806874935099229	3.28351954490795	4.09039448000718	2.82866316941437	0.465073277664076	5.08094666911593	4.61587339145185
147	0.051808761248838	-1.66027456419299	1.74697532689603	3.40724989108903	2.08093974245882	0.206105662897698	4.04111015713651	3.83500449423881	2.19714339315723	0.0316657892143906	4.82000696381261	4.78834117459822
138	2.18460400987117	0.488503795948315	3.95170752500375	3.46320372905543	2.56793038598513	0.0471211378926104	4.39724228165151	4.3501211437589	4.61848318201592	2.07910605461253	7.10622685742605	5.02712080281352
168	1.45351320252859	-0.4322874718407	3.46438136235645	3.89666883419715	0.734736172416994	-2.92411831720684	4.35099999786006	7.2751183150669	2.29290816303737	-1.23961602351119	5.15401825470345	6.39363427821464
141	0.453085013509833	-0.833583004456456	1.91753627070896	2.75111927516541	2.299724577852	0.18974807877542	4.74097223606109	4.55122415728567	2.76833829114751	0.192741723627387	5.38040682252031	5.18766509889292
142	2.13571175676727	0.316921101464987	4.19493897257482	3.87801787110983	0.50031600628991	-2.03758855014337	2.72970625925393	4.7672948093973	2.71727069497173	0.0685598352332822	5.03351975335794	4.96495991812466
158	1.46660410214536	-0.0981790805994175	3.2226342895146	3.32081337011402	2.1741397492433	-0.491587104418999	4.06655344373367	4.55814054815267	3.51215721576888	0.920775082289166	5.87253284534835	4.95175776305918
152	2.09281513621949	0.656609533486922	3.71519281762044	3.05858328413352	2.10090314850991	-0.333320936678478	4.19118998977839	4.52451092645687	4.2857812371894	1.86800125197085	6.79108434584272	4.92308309387187
151	0.852995959798292	-0.668432248375054	2.51618644338152	3.18461869175657	2.76145202479011	1.06057726510893	4.88880199998195	3.82822473487302	3.68226234122344	1.62474629200712	6.59939851281568	4.97465222080855
143	2.10021016202818	0.25938527794031	4.03523665392416	3.77585137598385	0.870125633005285	-1.21547599261285	3.13615896089871	4.35163495351156	2.96629747119204	0.509289161269511	5.32225975121121	4.8129705899417
159	0.701346750077393	-1.00405091068455	2.74561252143096	3.74966343211551	-0.0228416796353592	-2.39625745738187	2.36922006984984	4.76547752723171	0.666846681440138	-2.18396873176701	3.30421815545613	5.48818688722314
144	3.06751133436172	1.20201851078327	5.14339687834741	3.94137836756414	1.85215987236869	-0.485120731971821	4.00859788036787	4.49371861233969	4.91344529175989	2.68218046999998	7.50347344764549	4.82129297764551
157	1.24668901348906	-0.216391660724442	2.97536907016867	3.19176073089311	2.57781059190397	0.607995025123999	4.97324703839848	4.36525201327448	3.90223394580562	1.37739019911341	6.41495947897867	5.03756927986526
149	2.90752488730174	1.34244793086425	4.60032152629066	3.25787359542642	2.97903033250688	1.18691235640948	4.94199392155387	3.75508156514439	5.92284019563648	3.74074609275738	8.22397443317915	4.48322834042177
136	1.37504942255737	-0.068357830194657	3.18992862044827	3.25828645064293	1.01867306272226	-0.927368317740843	3.167189990129	4.09455830786984	2.45708729761903	0.479024810139372	4.90219221403177	4.4231674038924
156	1.28017243707682	-0.565154979420426	3.22219806142388	3.78735304084431	2.77385737397382	0.851719301702758	4.99613663509304	4.14441733339028	4.09146259454435	1.89103942909165	7.03345580416176	5.14241637507011
139	2.29909431445033	0.714838994064707	3.88366776398578	3.16882876992107	2.99970161574931	0.935224457470996	4.98374033039808	4.04851587292709	5.32328906997804	2.98884778195379	7.62407900622976	4.63523122427598
130	1.71195082036787	0.0490750378429109	3.55452379819489	3.50544876035198	0.331655540604254	-1.41625324636062	2.28886694037374	3.70512018673436	2.09339413004497	-0.46441917849069	4.23076833743871	4.6951875159294
169	1.35323541645106	-0.452515196125219	3.10236001309231	3.55487520921752	2.38590681575342	0.286814684015285	4.35637538707178	4.06956070305649	3.67018885236235	0.910274120589437	6.22321975923881	5.31294563864938
173	1.62458253010627	0.168724945310914	3.08924913742303	2.92052419211212	3.25754589747858	1.38791545983862	4.93548925598057	3.54757379614195	4.71582382667445	2.81430516299653	7.08136271495054	4.267057551954
145	1.91764843120605	0.4291048278288	4.04031281215833	3.61120798432953	1.03016194659461	-0.839518549712582	3.34246227054634	4.18198082025892	3.0645276920565	0.918075388526168	5.51655229754478	4.59847690901861
174	1.44635820021682	-0.757037042920004	3.2230705087423	3.98010755166231	2.62158780199807	0.275921744729847	4.89738612155562	4.62146437682578	4.05259510093502	1.24283239020228	5.83729606796234	4.59446367776006
177	4.14446101791618	2.39848687521576	6.34669518492569	3.94820830970993	-0.858584581943788	-3.96681296800994	2.20079449956672	6.16760746757667	3.26127419830747	0.548638671637778	6.25465758516168	5.7060189135239
179	1.85343595333017	0.0812489750316861	3.88791146213613	3.80666248710444	1.69313065951716	-0.412947235071348	3.74113044672466	4.15407768179601	3.69327629687279	1.60894519153071	5.921662016988	4.31271682545728
155	1.72900049424891	0.0558690624687833	3.79754191795651	3.74167285548772	2.86886121546952	0.61717868739143	4.6463025478999	4.02912386050847	4.61675992943301	2.25203445650981	7.13370061984937	4.88166616333955
175	0.220608867498666	-1.15518700116483	1.63457821086592	2.78976521203075	1.70111998693189	-0.0335229212646037	3.46539763158888	3.49892055285348	1.81840944092793	-0.362124039461318	4.01391725729938	4.37604129676069
172	1.51120506469223	-0.513646166606501	3.70832959985061	4.22197576645711	2.07090441546895	-0.662079298826421	4.36820860606645	5.03028790489287	3.62477679584617	1.10597962444971	6.18397708507558	5.07799746062587
182	2.37387373417391	0.473178859901447	4.72341426957204	4.2502354096706	2.46746056530626	-0.0846576769413904	4.42559764236718	4.51025531930857	4.89283975781569	2.22826550315949	7.45578531322343	5.22751981006394
202	1.94584226991835	0.286849101853734	3.44806533159883	3.1612162297451	3.57213221405551	0.860824814410296	6.20693561054842	5.34611079613812	5.59299432541699	3.27539359870579	8.09592329622689	4.82052969752109
185	1.94938453681549	0.621533085829962	3.55091660918908	2.92938352335912	1.40620168512139	-0.646582335871684	3.6098914604916	4.25647379636329	3.37807078178208	1.38779983537286	5.99761892856451	4.60981909319165
187	3.33999636849101	1.60445735052041	5.56969513982929	3.96523778930888	1.88096317161248	-0.599897644985936	4.42776177314256	5.0276594181285	5.35465440383508	2.57315439358927	7.79484124398653	5.22168685039726
183	2.61997717796173	0.692757822516777	4.29976069990654	3.60700287738977	2.18764963191732	0.247369835259565	4.61518000029426	4.3678101650347	4.7644979447136	2.46821577981528	7.08708266098454	4.61886688116925
181	0.822640937478238	-0.935085265387787	3.16372566426148	4.09881092964926	3.15236031798445	0.916988089906644	5.31287431556472	4.39588622565808	3.86979174204702	1.66403480669477	6.36681311018888	4.70277830349411
171	1.83796443950567	0.00263923886368059	3.27715514349218	3.2745159046285	1.46056788904255	-0.774389481084738	3.68915897261842	4.46354845370316	3.3397251525322	0.857427193226105	5.69385442116476	4.83642722793865
215	1.22207447750006	-0.17096524549354	3.2906685796162	3.46163382510974	1.29660226484744	-1.97645663388018	4.58043788743513	6.55689452131532	2.59192235981037	0.058704556743166	5.23738409683985	5.17867954009669
178	3.05212729580227	0.996948688430184	5.25986420758767	4.26291551915749	-0.346265071805526	-2.44746167472531	2.00261263986889	4.45007431459421	2.76154592309409	0.538616599888338	5.03193623939996	4.49331963951162
194	1.74973688479803	0.124816322937009	3.22592586634203	3.10110954340502	1.3916856508455	-1.55928531228506	4.30909544179225	5.86838075407731	2.99658647501664	0.471068120689107	5.35605084600973	4.88498272532062
180	1.83270808787224	0.017475814971346	3.4543159964395	3.43684018146815	1.57339030112404	-1.42648953151046	4.57327648974469	5.99976602125515	3.42639477161154	-0.0271063576876419	6.35504508370752	6.38215144139516
189	2.01506644445707	0.584691817226595	3.71552762746658	3.13083581023999	1.2046298200673	-0.838283356198171	3.19819924842778	4.03648260462595	3.10617589842005	1.08526776711725	5.70338480875318	4.61811704163593
170	2.18188431224316	0.456464780690364	4.23001164240391	3.77354686171354	1.06370464352909	-1.01041635311493	3.58270258083727	4.59311893395219	3.3917046806332	1.16034269477295	5.70453083833801	4.54418814356505
186	0.852671200021132	-0.597710777434418	2.5431416488939	3.14085242632832	-0.106316304437379	-2.2805433610521	2.15394251833819	4.43448587939029	0.704000691352428	-1.13655182615295	2.88384512004007	4.02039694619302
191	2.40781319520167	0.705593436648077	4.45908584216811	3.75349240552004	4.23539702931026	1.51490722524761	7.29979958668071	5.7848923614331	6.73310267324935	3.70867745194358	9.57654858209759	5.867871130154
188	0.869215968967023	-0.635169682786514	2.26364189442383	2.89881157721035	2.01961357094406	-0.721638006740548	4.16380867917109	4.88544668591164	2.85358169519322	0.293442096901663	5.0785704246197	4.78512832771803
190	2.40782462407904	0.773136491833164	4.33847942562955	3.56534293379639	0.769571613340416	-1.54803026721132	2.66969693695412	4.21772720416544	3.10787163543427	0.534961977303626	5.68291768453719	5.14795570723356
208	1.1872262210889	-0.472929627627605	3.11717633081669	3.59010595844429	0.222526538004344	-2.75728160855577	3.2881217528726	6.04540336142837	1.13801661440326	-1.19987169497458	3.72435441502597	4.92422611000055
201	1.30673584633349	-0.330152018711734	2.8924713614617	3.22262338017343	1.96630479867865	0.240592937443161	3.87244960933349	3.63185667189032	3.27223505599325	1.00947964016911	5.67149394719347	4.66201430702436
214	2.24670367359443	0.414102521524522	4.52384473403124	4.10974221250672	3.94567325268562	1.74712165123477	5.99047456745891	4.24335291622414	6.14680488857205	3.92493757583528	8.80328306473929	4.87834548890401
216	1.19676788804237	-0.74043585261935	2.78773722489042	3.52817307750977	0.227414505125492	-1.87019934510219	2.66022780527738	4.53042715037957	1.56377805081483	-0.980723923288599	3.78636319910106	4.76708712238966
210	1.79196089556673	0.161659119353888	3.79520784318732	3.63354872383343	2.08617507965087	0.416208086206388	4.42161734134616	4.00540925513977	4.06654880801068	1.7021735802274	6.62890072500913	4.92672714478173
199	-0.865111341319709	-2.03782648425387	0.363960762888996	2.40178724714287	2.22901326214405	-0.66685209350031	5.32158270189463	5.98843479539494	1.28975560916687	-1.16161853325095	4.14524182714073	5.30686036039168
213	2.04734891516397	0.282813769105322	3.93859333679556	3.65577956769024	3.75341046534897	1.16749102936673	5.53165584045874	4.36416481109202	5.65834020311068	3.45180276841105	7.95683692455576	4.50503415614471
205	0.241855300344677	-1.86082357933189	2.51921305915889	4.38003663849078	1.03664445626084	-1.36475807911013	3.51062730055983	4.87538537966996	1.30343060126081	-1.6952909437215	3.71778173996164	5.41307268368315
198	1.48744349207919	-0.527363369459874	3.39376142448878	3.92112479394865	2.32036237715912	0.123117179442116	4.6111760324439	4.48805885300178	3.73934698030646	1.47093680613094	6.1277533914933	4.65681658536236
195	1.56967369465531	-0.384784916785319	3.46929459045044	3.85407950723576	1.50192897990144	-0.276402689557843	3.62917684344726	3.9055795330051	3.23788441099559	0.618465344894238	5.3398722275063	4.72140688261206
184	2.21407651980304	0.569706387375564	3.57953074417368	3.00982435679812	2.28155448357028	0.0803256978921043	4.53180356509198	4.45147786719987	4.53533883440991	2.40699988460094	7.03685117028289	4.62985128568195
212	2.46942099443933	0.824870259442841	4.28126227726126	3.45639201781842	2.51673609377035	0.608687223756169	4.58434048799229	3.97565326423612	4.93485500588637	2.35500826353993	7.76959030016762	5.41458203662769
207	2.53061304243701	0.58421256786958	4.02656240138649	3.44234983351691	2.56199286726422	0.840982190896464	4.70794064357451	3.86695845267805	5.06512625569702	3.14260327751077	7.35823295713239	4.21562967962163
211	2.103291828257	0.17375743365545	3.6698634778068	3.49610604415135	3.79955090231973	1.88336076113827	6.1923300739875	4.30896931284924	5.95547162283036	3.49458484983231	8.20768405553899	4.71309920570668
206	1.23166817193483	-0.0452522494174415	2.85952138034166	2.9047736297591	0.842676140710421	-1.08418440372869	2.62370213351122	3.70788653723991	2.10012137386485	0.0210090330955505	4.20376226819899	4.18275323510344
237	2.57664278841592	0.610549781508217	4.50320267722882	3.89265289572061	0.344555041732862	-2.50985556771218	3.24673303450034	5.75658860221251	2.63398443962647	0.265598437544836	5.3308426673557	5.06524422981086
217	0.252773715173746	-1.67481028913455	2.15347591958618	3.82828620872074	6.62654102907163	3.00060272715171	10.1438671711968	7.14326444404507	6.73152387488864	3.83706180819838	9.66279922394337	5.82573741574499
232	3.37672261763916	1.28172792017673	5.33600805049267	4.05428013031594	-1.45485862447181	-4.97033946772191	2.14735169248172	7.11769116020363	2.09240567327858	-1.00657581456452	4.77460691012757	5.7811827246921
209	2.69498412508245	0.885274719465121	4.58582737915687	3.70055265969175	1.78391957376239	-0.884937068527846	4.0686384298072	4.95357549833505	4.49579045350144	1.38534357965771	6.7056624156759	5.32031883601818
223	1.23515474737083	-0.393231130878383	3.0048880216526	3.39811915253098	1.44012493022271	-0.584914658581478	3.48685638106731	4.07177103964879	2.88237545801274	0.586432413485223	5.02539673059045	4.43896431710523
203	2.38850555224037	0.772791638786113	4.66685984469152	3.89406820590541	0.428134217307361	-1.55376465125593	3.20730059474728	4.76106524600321	2.88537904822083	0.412031474638855	6.01226788001811	5.60023640537926
230	2.76944344636351	0.997800447268255	5.39168484883619	4.39388440156793	1.82476659929404	-2.00041845949406	5.08008530050259	7.08050375999664	4.72726638170501	1.99943361625807	7.3600267281715	5.36059311191343
225	2.38393333364571	0.783508638156694	4.22967607702918	3.44616743887248	1.65672125508551	-0.400673653777156	3.60326604138317	4.00393969516032	4.04784179823983	1.41050611124452	6.40582916008107	4.99532304883655
222	2.16348096673631	0.658672168665665	3.79102342817651	3.13235125951085	0.072671643588802	-2.22231768392773	2.12401324726576	4.34633093119349	2.05922632083063	-0.315029962963227	4.82586124609753	5.14089120906076
218	1.12838801377101	-0.507648121964497	2.72566264931688	3.23331077128138	1.84990838259747	-0.189099815814278	4.32475699002745	4.51385680584173	2.97675080976977	0.762112559999113	5.92406536320991	5.1619528032108
197	1.1610884182091	-0.623592130261812	2.57403933938515	3.19763146964696	1.59049109229663	-1.24026792333279	3.91599820856184	5.15626613189463	2.72663073248471	0.10070989538516	4.86751035933849	4.76680046395333
219	1.49461228180155	-0.253742020240608	3.68956704525131	3.94330906549192	2.6207487072791	0.405188083037769	4.68475664536286	4.27956856232509	4.06365090873882	1.26436739539128	6.72173577792542	5.45736838253414
245	1.3827892643435	-0.298386279229305	3.25130871053335	3.54969498976266	2.84891344223782	-0.338501360338743	5.55573286346531	5.89423422380405	4.27574126367306	2.01690639053179	6.40250239066877	4.38559600013698
246	2.71862934367395	1.41293984720314	4.58127806945147	3.16833822224834	2.77416248615256	-0.452246882265309	5.69548758349588	6.14773446576119	5.42567049476455	2.83185894256324	8.15940274188243	5.32754379931918
224	2.04273804314108	0.142679420242943	3.98286756541736	3.84018814517442	2.35508447298234	0.137782814987158	4.34072170421828	4.20293888923113	4.37704673047563	1.48829516425968	6.64980045472021	5.16150529046053
220	3.14434333090765	1.5736762050551	5.04092091694097	3.46724471188586	0.967796179592975	-0.956664613160443	3.29099761282608	4.24766222598653	4.20213376521378	2.04018866292886	6.61913027586165	4.57894161293279
234	2.63369959124004	0.379231124618574	4.86181798095029	4.48258685633172	1.21422261462142	-1.14328577490507	3.30493148151597	4.44821725642104	3.88328573190277	1.50590227088525	6.56892825701752	5.06302598613227
226	1.40405515219166	-0.464296692208426	3.34490018503014	3.80919687723857	1.3823021940651	-1.24660245558249	3.13781161678326	4.38441407236575	2.64722431973491	0.281526365029164	5.0368995711254	4.75537320609624
228	2.05331265822765	0.692165319970747	3.93271720338112	3.24055188341038	1.39108103491932	-0.871586373225754	3.90205027103539	4.77363664426115	3.54598720829814	0.811462314914084	6.29216821719179	5.48070590227771
233	2.15267786662966	0.327380969363697	4.01862689448064	3.69124592511694	1.90323826952659	-0.525622148508824	4.1855000899248	4.71112223843362	3.95483125027122	1.04203328186599	6.47878773872631	5.43675445686032
252	0.379420883456811	-1.28976833622165	1.92314488839925	3.21291322462091	2.63657873622606	-0.00445520599731744	4.50453107075845	4.50898627675576	2.92022924776787	0.155594467127599	5.10606506177179	4.9504705946442
253	0.642383142815669	-1.2347407041027	2.41958660636357	3.65432731046627	2.70093604986954	0.695123662421105	4.43021288779464	3.73508922537354	3.3850264271737	0.806483472391593	6.07164430535277	5.26516083296118
227	2.10287640566329	0.360978450092003	3.70068008580543	3.33970163571342	2.33350400119534	0.447893995948701	4.21138420797913	3.76349021203043	4.38677028763775	2.1567135239918	6.61945547060248	4.46274194661068
248	2.65413397962521	0.750023570977558	4.59773907008579	3.84771549910823	2.30545491023861	-0.0529199051216684	4.6815997953777	4.73451970049937	4.95084529528232	2.88681059010927	6.87721971362405	3.99040912351478
239	1.74724327481245	-0.491376644647666	3.74563373281258	4.23701037746024	1.12137921135481	-1.57334058878746	3.20857025578275	4.7819108445702	2.97273908791713	-0.0999957147513807	5.29220587815598	5.39220159290736
267	0.807725253360879	-0.755042204688434	2.73998547902844	3.49502768371687	2.36383562100632	-0.584189588775785	5.57023391309342	6.1544235018692	3.21133815253755	0.90067937069987	6.03344956200645	5.13277019130658
221	1.56631163535078	0.0131289228297233	3.51040723564572	3.497278312816	2.0740185929036	-0.101146350952286	4.30147425657866	4.40262060753095	3.79210947296922	1.45468103401508	6.31330652234889	4.85862548833381
250	2.45677801694878	0.521374374937928	4.72391321961537	4.20253884467744	1.44148919709133	-0.815445482228893	3.75148622493606	4.56693170716495	3.97097106340237	1.70678866281324	6.77267679089312	5.06588812807988
263	3.3651919624346	1.75380858175973	5.15726240847494	3.4034538267152	1.03386115493072	-1.98967617337716	4.0545610161567	6.04423718953387	4.43273249910176	0.988146737570941	6.89710143737456	5.90895469980362
256	3.72557543350755	1.9986740516951	6.08752572213316	4.08885167043806	2.53820471466686	-0.480176230414734	5.67405246215886	6.1542286925736	6.29600878491561	3.94202634038409	9.59715820415346	5.65513186376937
244	2.25907674409207	0.73993553443869	3.83633552630687	3.09639999186818	0.995962254360422	-1.14063861280783	3.19793808070971	4.33857669351754	3.28165376188298	0.634156385577319	6.05915388172051	5.42499749614319
243	1.45808453148629	-0.982311069709767	3.48853737176537	4.47084844147513	1.31328018343457	-1.18255391747181	3.77157349340818	4.95412741087999	2.76217312906216	-0.303254731834665	5.51112328770122	5.81437801953589
231	1.88711606099309	-0.0564578293184407	3.91146615009349	3.96792397941193	0.830321392285715	-1.56849672514083	3.11812623240441	4.68662295754524	2.8218929001125	0.0121569341105531	5.34407972156226	5.3319227874517
264	-0.108129799422069	-1.80087423159068	1.55624193244435	3.35711616403503	3.63257702955142	0.170252900889443	6.653702578522	6.48344967763256	3.4802174289808	0.671624736041251	6.30119262135291	5.62956788531166
229	0.66572827533243	-1.01964128000089	2.48595024962337	3.50559152962426	2.11402436895383	0.0868704890255091	4.11768493548422	4.03081444645871	2.82001314912095	0.298805966411522	5.0260993024065	4.72729333599498
236	0.976331477674393	-0.774569499815693	3.10284061134063	3.87741011115633	2.2399012851528	-0.579881161544203	4.73308172451694	5.31296288606115	3.28253947358176	0.688482524390979	5.70122265127811	5.01274012688713
238	1.65439370255386	-0.0802928445354134	3.40447283690935	3.48476568144476	0.299465156817483	-1.97504218671136	2.89784680726649	4.87288899397785	1.9989438935208	-0.323217484497242	4.63962650764448	4.96284399214172
287	0.600273365521892	-0.705880389609964	2.29692630183145	3.00280669144142	1.44472960834265	-2.00800897752294	4.59657271730477	6.60458169482771	1.96901867534111	-0.849691644620264	4.57616449260742	5.42585613722768
251	1.96294502087166	0.461660927159973	3.52596645621856	3.06430552905859	1.27267227989623	-0.999655335695979	3.16776556799308	4.16742090368906	3.28011992928116	0.969584050851977	5.40611435999989	4.43653030914792
247	2.13962701250167	0.259192266784374	4.27199466803672	4.01280240125234	2.78037112222061	-0.146231010161348	5.43374432905436	5.57997533921571	4.95008528203167	2.47377515517153	7.51439667298205	5.04062151781052
283	2.87387244423403	0.875641548656852	4.96527861107786	4.08963706242101	3.14188832603299	0.130670311851469	5.9460689878459	5.81539867599443	6.14872364336036	3.70931703432332	8.56271586921893	4.85339883489561
261	3.2735238985446	1.46518085025577	4.99175290424081	3.52657205398505	0.630272836915593	-1.40680905015883	2.95229006580293	4.35909911596176	3.9675404059187	1.52580252034966	6.59332046792623	5.06751794757657
255	1.42866314950191	-0.0915665215969966	3.41486050632568	3.50642702792267	1.06490416688518	-1.04086048985711	3.21860454311849	4.25946503297559	2.45759800731032	0.803035719766213	4.99077213762424	4.18773641785803
257	1.21942700694789	-0.0813937974795672	2.507592312754	2.58898611023356	2.56541307589327	-0.327915547874711	5.31640626352984	5.64432181140455	3.93653340046137	1.28551813251782	6.15849545096875	4.87297731845093
235	3.39406952328053	1.7788864955612	5.75355421391078	3.97466771834958	2.36560296468584	0.181182650551687	4.3929113233641	4.21172867281242	5.77404012412127	3.18937505213933	8.52498473779299	5.33560968565366
290	2.42801838590228	0.969910491799645	4.11047598321279	3.14056549141314	1.58106999367149	-1.63294349864053	4.84306812966155	6.47601162830208	4.04153492752065	1.32068984843352	6.82078150284222	5.50009165440869
274	4.40859825379245	2.50053638319601	6.64564205091353	4.14510566771752	0.396599299552166	-2.80084239790634	3.08671454541511	5.88755694332146	4.75119233548503	2.36199139725402	7.90372591837501	5.54173452112098
249	1.54736240996877	0.132897826773719	2.91835745582497	2.78545962905125	0.980713440431993	-0.787446661752947	2.90909402563456	3.69654068738751	2.50381983109383	0.33656321451267	4.42017218506752	4.08360897055485
271	2.89824967900751	1.06436732407186	4.4857258929904	3.42135856891854	1.5351661334718	-0.443700162555265	3.94492242346606	4.38862258602132	4.47590507398612	2.21061730635992	7.5473721428783	5.33675483651838
241	1.47283091154562	-0.0808226266492439	3.17813468502247	3.25895731167171	0.551277837945344	-1.41083798281228	2.62122959130271	4.03206757411499	2.14179447662112	-0.00636406816957901	4.39187597496048	4.39824004313006
268	2.33283534926972	0.709539590075634	3.82077855564127	3.11123896556564	2.64891635577895	0.580155095355476	4.96172922426408	4.38157412890861	4.99237284051096	2.68508250740592	7.29919899472792	4.614116487322
266	1.77198862042033	-0.184025264055791	3.6806664467117	3.86469171076749	1.71536391051986	-0.166353209401984	4.15526653624933	4.32161974565132	3.64127401556186	1.24130785349889	6.33284851520402	5.09154066170513
279	2.42586517634708	0.935082154372315	4.07554555094661	3.1404633965743	1.61460361907893	-1.23786750670211	5.15312520848213	6.39099271518424	4.03136799610436	1.254885993184	7.0044949544762	5.74960896129219
270	1.47597968508097	-0.129365752742473	3.71498453851786	3.84435029126033	2.19005927708456	0.356765473363733	4.174146192956	3.81738071959226	3.76666345371429	1.75225756071257	6.2610348731111	4.50877731239853
269	2.0774513245298	0.616400207625034	3.37472350541123	2.7583232977862	1.83700543595701	0.108965893810283	4.22248822807305	4.11352233426276	4.1010956108964	1.5812450628095	6.39952648686463	4.81828142405513
265	2.14358809996303	0.611320602204424	4.24741198705721	3.63609138485279	3.06014430185113	1.32300450363046	5.21040316952229	3.88739866589182	5.30823189989379	2.86573743284725	8.27985992522984	5.41412249238259
277	1.55910171070022	-0.242420447638001	3.26623623724402	3.50865668488202	1.22283964419195	-1.02188141580595	3.43262892281617	4.45451033862212	2.79176024063682	0.377061194212668	5.40289583716242	5.02583464294975
288	1.77477222762402	0.142085801113751	3.61050953566013	3.46842373454638	2.89415603698963	0.684615946937778	4.73640215403926	4.05178620710148	4.52391176462267	2.51070350364871	7.32205137916475	4.81134787551604
289	3.33926385287634	1.55414983125134	5.06661371434078	3.51246388308944	1.73646895548344	-0.689655537767039	3.76322209558488	4.45287763335192	5.14402634495606	2.78017116745183	7.0929634500728	4.31279228262097
276	1.05061581941341	-0.472300682192118	2.49480456047312	2.96710524266524	1.13812742387914	-1.20124414494461	2.94898775162721	4.15023189657182	2.16577354034371	-0.533199163439574	4.04424279973289	4.57744196317247
272	2.23508624380637	0.358305694633485	4.0767048641056	3.71839916947211	3.08401298218155	1.00367153971269	5.19611459224836	4.19244305253567	5.45322190397886	3.06216376034902	7.79662857753043	4.7344648171814
262	2.68345473627466	0.600719572987774	4.49845037730682	3.89773080431904	1.46096162713376	-0.957471325282029	3.71329163426741	4.67076295954944	4.07630067905045	1.63151951910385	6.01712993733576	4.38561041823192
278	3.53262918242626	1.58365362228053	5.27776727040616	3.69411364812563	2.25711641530489	0.0603762647180421	4.33174308784563	4.27136682312759	5.67534098783401	3.23793459620903	8.09948240233385	4.86154780612482
240	2.28884932872104	0.492618152911232	4.22832372592157	3.73570557301034	3.60713046056027	1.7038383423425	5.7433126547756	4.03947431243311	5.90006222045428	2.93481308099836	8.46778471253814	5.53297163153977
281	1.17489849517418	-0.35223406014814	2.7320702510684	3.08430431121654	1.90535303948311	-0.358079180532109	3.73868597324887	4.09676515378098	3.08250069535012	0.657443908860654	5.31114325771303	4.65369934885238
285	3.0628733560487	1.4183461674027	4.87404322084454	3.45569705344184	1.49129064977135	-1.46311945891561	4.99705568855254	6.46017514746815	4.71232603226386	1.86682537874678	7.22878314080705	5.36195776206027
284	1.88600294947507	0.215226138259246	3.56577475642115	3.35054861816191	1.5751068868748	-0.726104947858316	3.28227911786627	4.00838406572459	3.34225388053807	1.17801764723987	5.73472614914891	4.55670850190904
280	1.63957410751127	0.265826970613814	3.01668193351908	2.75085496290526	1.43883645077641	-0.716882548812367	2.80462531170951	3.52150786052187	2.90666024979902	0.741534923204464	4.92355392114033	4.18201899793587
282	0.461949007881955	-1.16197424711041	2.06232733838811	3.22430158549852	1.86163308115385	-0.254967079975885	3.66124381030087	3.91621089027676	2.28130774679834	-0.0230006469018603	4.41121761221632	4.43421825911818
259	2.83099368037381	1.013029389355	4.99567149221651	3.98264210286151	1.32975085605059	-1.08067371011007	3.9380329276374	5.01870663774748	4.20869451511767	1.12919295537926	6.49056180124409	5.36136884586483
260	-0.156134633056774	-1.71119328299087	1.37468803263122	3.08588131562209	3.51515688995368	1.40448371682609	5.46495032763308	4.06046661080699	3.2799501654312	1.14834236367927	6.04458456915805	4.89624220547879
291	3.04755964489725	1.21444808140333	5.52673730811102	4.31228922670769	1.47391004385351	-0.781555537088215	3.94391059340401	4.72546613049223	4.59828115025442	1.48577739911304	7.32560726622646	5.83982986711341
258	2.31916421020661	0.80448540553796	4.26715721305567	3.46267180751771	2.3303539258523	0.231296746520337	4.41301564063823	4.18171889411789	4.73997008354566	2.6312999154992	7.08016738398544	4.44886746848625
254	0.979558207901358	-0.361270152022344	2.74479144179365	3.106061593816	1.85258542962823	-0.0648635859277018	4.25278935458729	4.31765294051499	2.71477208275597	0.692542823875904	5.73877977492001	5.04623695104411
294	4.04450984035712	2.31320924536941	6.30381069871214	3.99060145334272	1.1532506371704	-1.96544653388653	4.22821779896362	6.19366433285015	5.27771529220841	2.66277324538432	7.9016960043264	5.23892275894208
295	2.39585021898184	0.490694101343113	4.48641129825721	3.99571719691409	0.977970843960419	-1.22287032245474	3.19242975383493	4.41530007628967	3.30114809114593	0.979664616831277	5.62768134669683	4.64801672986556
293	1.64928106336998	-0.0752525469172965	3.59616853758525	3.67142108450255	1.59295011578912	-0.59679956362539	3.56318290187335	4.15998246549874	3.24163134937517	0.736492317918183	5.57640643789363	4.83991411997544
313	2.37849854239145	0.677115034387222	4.2318702752166	3.55475524082938	1.76545476481871	-1.42305589570819	5.55964540773722	6.98270130344541	4.18125069505832	1.54610927051905	7.10376618982227	5.55765691930323
273	1.13506157636749	-0.714050255524352	2.751953934791	3.46600419031535	2.29313050331484	-0.0965170412497272	4.68120241686679	4.77771945811652	3.40335487811947	0.745426484922709	6.03662848324649	5.29120199832378
297	0.98656002879974	-0.337981034642948	2.78238642694653	3.12036746158948	2.93466563574499	0.607133835324742	5.52952488446871	4.92239104914396	3.96059853188801	1.56529934832894	6.82888374572308	5.26358439739414
286	1.81643337149404	0.0616484816645591	4.08653793012773	4.02488944846318	3.15850264548635	0.788879721030574	5.21930102380736	4.43042130277679	5.01802110178297	2.85807109526295	7.07113005542647	4.21305896016352
315	1.55064848166156	0.197019486494222	2.98073267754016	2.78371319104594	0.728574763072283	-2.02108472174775	3.91896317376153	5.94004789550928	2.30192504482385	-0.0397627711948886	5.33675468177822	5.3765174529731
275	2.40265486570349	0.67491739875099	4.96088000271202	4.28596260396103	1.75614548781961	-0.776969335442437	4.0473687901787	4.82433812562114	4.007488280964	1.17430016842278	6.7796895258576	5.60538935743483
305	3.20545091946659	1.52253532196337	5.1998886404311	3.67735331846773	0.752612913571618	-1.16360028541042	2.8812171350662	4.04481742047662	4.02621727862977	1.51073032276125	6.71782285127173	5.20709252851049
311	2.6908810453343	0.723767835616018	4.93503898284747	4.21127114723145	2.19019953906942	-0.118839168953585	4.25602280968817	4.37486197864175	4.88568164626633	2.617393961634	7.58177420435059	4.96438024271659
303	1.57641598767945	-0.227727606706238	4.05337394812406	4.2811015548303	-0.566917892386247	-3.93558019445559	2.86968822021399	6.80526841466958	1.13271918408785	-1.86291276550618	3.59617395970335	5.45908672520952
312	3.22702768998651	1.30285200417596	4.86360358422493	3.56075158004897	1.85538696557334	-0.186546791986818	3.87312542117572	4.05967221316254	5.12954845868419	2.95517109071059	7.34010415727021	4.38493306655962
301	1.32140116520967	-0.24510948197302	3.51003405891406	3.75514354088708	2.82945890859921	0.210161493864367	5.90605913976039	5.69589764589602	4.17901002434495	1.76906647923594	7.25195686428933	5.48289038505339
292	2.18440910700524	0.684239327826239	3.84718886793934	3.1629495401131	2.08116508145792	-0.264123285112266	3.8916040549146	4.15572734002687	4.21706750555288	1.94873160373041	6.95819728182477	5.00946567809435
309	1.51711481250283	0.0224050984376716	3.63405425193436	3.61164915349668	1.23908381870238	-0.71844715313541	3.24213124555885	3.96057839869426	2.65253992926331	0.501965594264666	5.30978214169593	4.80781654743126
304	2.01289942400824	0.222551014621956	3.612090174786	3.38953916016404	0.236827218602777	-2.37412542932909	2.96612660253055	5.34025203185964	2.19206309421467	-0.137834901638873	5.00110661814278	5.13894151978165
306	2.34802950579066	1.08487516103827	3.8043382599735	2.71946309893523	2.07673977375973	0.0543888394979139	4.38946791048746	4.33507907098954	4.32794971042994	2.20201050755132	7.47934161266382	5.27733110511249
310	0.98657396148133	-0.947082655586192	2.92716260433527	3.87424525992146	1.63221782391569	-0.727951855736357	4.03440933507556	4.76236119081192	2.73936197352602	-0.182500405705272	5.42892580289007	5.61142620859534
323	3.79179565825109	1.91347636500574	6.11464227158882	4.20116590658308	-0.106211015419215	-3.59366965145191	3.38549293359232	6.97916258504423	3.90060379699725	1.14136833365974	6.48632697510503	5.34495864144529
317	1.24234556078083	-0.171080403063362	3.05825727997773	3.2293376830411	0.876777989939508	-1.33814664420166	2.76233488812153	4.10048153232319	2.26805726182077	-0.183257288545637	4.18193900181239	4.36519629035803
318	2.95286948868748	1.30040532830477	4.97454773334122	3.67414240503645	2.02055984603455	-0.482441431834536	4.49643214421017	4.97887357604471	4.87083966079219	2.4654341553643	7.33145718021282	4.86602302484852
299	2.70897890745634	0.836738867248679	4.62817835562379	3.79143948837511	2.29432411041456	-0.214478904468729	4.53943745273324	4.75391635720197	4.97287482768265	2.43442500468938	7.58440467709246	5.14997967240308
319	3.35133568032984	1.31689078606798	5.2930595930973	3.97616880702932	1.03107493110717	-1.05487148940746	3.33917102023024	4.39404250963769	4.4723848592948	2.0481130008255	6.9332490823525	4.885136081527
314	1.18967866425155	-0.375845352770301	3.11225012591167	3.48809547868197	0.813688675311954	-1.55884475398321	2.85867101031614	4.41751576429934	2.03959908256972	-0.517550951724487	4.15486909597183	4.67242004769632
331	2.2875400566668	0.965830266718844	3.91624883866978	2.95041857195094	2.27276096066075	-0.712894484157237	5.29417016587255	6.00706465002979	4.57953387340534	1.77279507974874	7.15190588030099	5.37911080055225
308	0.727990876026051	-0.687009974048269	2.22912655041723	2.9161365244655	1.15953018707852	-1.10534601215337	2.970148502645	4.07549451479836	1.78605612843143	-0.56122508990166	4.11395046257761	4.67517555247927
296	1.57510902143049	0.0154103133918893	3.16873443331066	3.15332411991877	2.44342490806528	0.275791872988457	4.39217968188849	4.11638780890003	3.95935690767781	1.75596636441716	6.21933743703995	4.46337107262278
307	2.74291590688228	1.05772845264563	4.35692636328638	3.29919791064075	1.90311666673365	-0.510257774561891	3.94801838979373	4.45827616435562	4.63945615303183	2.35002242409931	6.66195394000766	4.31193151590835
302	3.16825908277242	0.979951064449143	5.27523235569449	4.29528129124534	1.10483896036441	-1.38108049098364	3.51733683233289	4.89841732331653	4.34210042055959	1.8181561799196	6.53912205704973	4.72096587713012
322	1.16192097431973	-0.484401648335953	3.15067118849636	3.63507283683231	2.07827678387041	-1.01402917758681	5.14523476907129	6.15926394665811	3.33953184175107	0.382123828126088	5.95100240723144	5.56887857910535
340	1.82366539203161	0.219055373229677	3.48194324405362	3.26288787082395	3.4585927895356	0.720117911419978	6.51111989200926	5.79100198058928	5.17482031978549	2.84625612095827	7.96382789030081	5.11757176934254
298	1.97946397754352	0.338622293862199	3.75660288326562	3.41798058940342	2.00731394359693	-0.507916216267998	4.12500578876865	4.63292200503665	3.9010086231905	1.21742109085928	6.227038716	5.00961762514073
329	2.86924522523448	1.23423592424434	4.71551933818506	3.48128341394072	-1.81187442447642	-4.19594841330919	0.0418746010455627	4.23782301435476	1.05603884030146	-1.12450847936869	3.28320299702638	4.40771147639507
344	0.554553094357838	-0.933909400511695	2.05965048188986	2.99355988240155	3.23358933317958	0.542825102134261	6.49609100661397	5.95326590447971	3.94792802829043	1.41536123969288	6.63023503817382	5.21487379848094
327	3.24236258472039	1.51987086321514	5.21769326621042	3.69782240299528	-1.7319668017708	-4.93095372206046	1.39987003203008	6.33082375409054	1.48104110373319	-1.17437519348767	4.31432216713171	5.48869736061938
328	1.6533440259876	0.0615296798408526	3.27763343669424	3.21610375685338	2.33116635732871	0.145760760585645	4.21378015793547	4.06801939734982	3.98628886955781	1.71132424064436	6.42354245005703	4.71221820941267
351	2.81071745201848	1.32355288485346	4.58782790814998	3.26427502329653	-0.459690156647854	-3.00513924504216	2.45991764082447	5.46505688586663	2.51602409870113	-0.0874775777317715	5.43317933083124	5.52065690856301
316	1.83191233026868	0.560924921666159	3.24134751475339	2.68042259308723	1.70042718486708	-0.227016476774507	3.72349365667291	3.95051013344742	3.58981059966424	1.69579943522673	5.74158279315939	4.04578335793266
325	1.7244859294883	-0.0441709561189677	3.18009364797176	3.22426460409073	2.38377164002787	-0.353074467928441	4.46955857278712	4.82263304071556	4.15313376190707	1.27020436940954	6.21683622252766	4.94663185311812
346	1.36309142536815	-0.29413074512172	2.94770141380294	3.24183215892466	0.962634380413516	-1.93318667680174	3.95074591807643	5.88393259487816	2.37348632949438	-0.441022095219679	4.73231257314482	5.1733346683645
320	0.141473416110443	-1.61802804916481	1.80770018716442	3.42572823632922	0.608556347764808	-1.22204650737922	2.59552686141319	3.81757336879241	0.786646048802949	-1.68411395751342	2.93578603476863	4.61989999228205
364	1.50387498247143	0.0879120453375556	3.03947514101244	2.95156309567489	1.7531499229238	-1.25772416279922	4.66635581641504	5.92407997921426	3.26525130905821	0.307151499920439	5.92406760277162	5.61691610285118
321	1.46943961321962	-0.494909551406589	3.22432423984013	3.71923379124672	-0.797703993588005	-3.03543126301893	1.41085706322309	4.44628832624202	0.666261071848299	-2.16796157236635	3.29176883781166	5.45973041017801
336	3.35435254470593	1.58248817163755	5.33860427392816	3.7561161022906	0.749532748475251	-2.51536458652995	3.83971190882405	6.355076495354	4.0012314704541	1.41541677554814	6.45164636150002	5.03622958595188
358	2.00833199498715	0.253143590857682	4.20445118768644	3.95130759682876	0.699406161945486	-1.29383340183352	3.30648861479706	4.60032201663058	2.67549747654272	0.495025611801559	5.19246914375911	4.69744353195755
357	2.17712217603021	0.494107603090129	4.1366365236202	3.64252892053007	1.80018178542357	-0.0526792290035117	4.00283797783608	4.05551720683959	4.07476105904934	1.76604227888612	6.51867438457437	4.75263210568825
333	2.89318722872359	1.52474454769315	4.74839905635402	3.22365450866087	3.61283209085211	1.40416754748635	5.33505118595521	3.93088363846886	6.51637985092037	4.05415241718323	8.58705426338864	4.53290184620541
332	1.88398146758438	0.143315427253884	3.49930475508626	3.35598932783237	0.883890436130658	-1.42363292067848	3.10011932646526	4.52375224714374	2.63854155388167	0.365359204316484	5.11930998469977	4.75395078038329
337	2.21664162573238	0.76417151540376	3.83354012573651	3.06936861033275	0.340152534712167	-2.25555900846152	3.06732934121011	5.32288834967163	2.60517461876701	-0.030392470614689	5.00996291149611	5.0403553821108
339	1.88244220265999	0.281343845481498	3.93576576154476	3.65442191606326	3.27013538147026	1.46966268753151	5.28097822482464	3.81131553729314	5.1674969863591	2.80351197120067	7.40997581721358	4.60646384601291
300	2.69536481389239	0.519124829842099	4.87623169175816	4.35710686191606	1.12451580844114	-0.925425503264597	3.00253942520168	3.92796492846628	3.84208728751356	1.40660918532601	5.81515009582275	4.40854091049674
347	1.32041611381953	-0.188221493843372	3.28286312527929	3.47108461912267	3.4660489441541	1.35392113085194	5.2597746448939	3.90585351404195	4.93787249955724	2.68886162740861	7.18522085807172	4.4963592306631
349	1.45491158860147	-0.273530410983557	3.10084632822627	3.37437673920983	1.96591050505606	-0.121249060682555	4.40522584131806	4.52647490200062	3.52207642259625	1.2065087803296	5.7504243632235	4.5439155828939
350	2.0893301408456	0.230231483251124	3.9732527606429	3.74302127739178	2.54742867668032	0.282228481942107	4.81086330307861	4.5286348211365	4.62786586959367	2.24980845141467	7.36159803587428	5.11178958445962
330	1.27405780500823	-0.810286507831795	3.06233163164606	3.87261813947785	2.51402472724602	0.431699253294411	4.91885680006438	4.48715754676997	3.82507058183432	1.44635504571454	6.30451921502933	4.85816416931479
345	1.40438166526095	-0.471932005966714	3.55221128661271	4.02414329257942	-0.319339658929923	-2.50366998054544	2.14842297796866	4.6520929585141	1.24334689234264	-1.30837819752884	3.55257730545955	4.86095550298839
338	2.06696163137799	0.504642211639265	4.15635018183134	3.65170797019207	0.244946548623798	-1.89070043004269	2.34672767065681	4.2374281006995	2.39648139340436	-0.19441428680808	4.90503963942376	5.09945392623184
380	1.52241848587146	0.211446887845607	3.37505646572574	3.16360957788014	1.26917149589215	-1.68955977988134	4.28321872669524	5.97277850657658	2.80712738607764	0.379073163353944	5.41562491983511	5.03655175648117
324	0.889338670334853	-0.365580636184933	2.83542662376781	3.20100725995274	2.53364539011528	0.303634050488655	4.6612938099661	4.35765975947745	3.4882251779351	1.11984656203087	6.13178903317589	5.01194247114502
367	1.22877045729502	-0.437019575626111	2.72406476680839	3.1610843424345	1.96849676776656	-0.0246628409114624	4.08771086157677	4.11237370248823	3.25952778954669	0.990955349184976	5.56224875176146	4.57129340257648
356	2.67177527820466	0.624376441384723	5.02631353977109	4.40193709838637	1.8702003539018	-0.471158828413682	4.82525365460945	5.29641248302313	4.5500369030136	2.09447172687189	8.14407531125429	6.0496035843824
388	3.48681989454274	1.55988366557902	5.43818013942968	3.87829647385066	0.55145929571601	-2.43846090179899	3.34472060191719	5.78318150371618	3.87901316995177	1.38716775212518	6.4201139252106	5.03294617308542
381	0.542245867260143	-0.820208614580061	2.28159244602478	3.10180106060484	3.34242053992548	0.275334842645978	6.70063777095762	6.42530292831165	4.13392003756165	1.65705559369503	6.79147714326607	5.13442154957104
374	0.894075815910591	-0.685727633913664	2.39580893400802	3.08153656792168	0.163529911887209	-2.03347324406715	2.16638174518605	4.19985498925321	1.00853898218403	-1.87926761382149	3.58346534823631	5.4627329620578
370	1.91304958762965	0.0708026895432292	3.8504580406486	3.77965535110537	1.34309583998792	-0.931508937153162	3.68478616896413	4.61629510611729	3.24611964033195	0.77747391472801	5.53350985782408	4.75603594309607
334	2.23072313433413	0.540254551380905	4.07007183571023	3.52981728432933	3.03096749631825	0.855271876825235	4.99588031306738	4.14060843624214	5.33823675357371	2.64506557427183	7.0614396806631	4.41637410639127
363	1.27554004120609	-0.565398911070927	3.24046058062286	3.80585949169379	0.942726250414446	-1.37819839997203	3.12658905918023	4.50478745915226	2.17535970795109	-0.193451743321014	5.44644386739057	5.63989561071158
373	0.273390389357828	-1.4435412281949	1.76205653689995	3.20559776509484	1.2716514324062	-0.987532564652426	3.91239299877204	4.89992556342446	1.50999712991849	-0.772756180611192	3.97415820182698	4.74691438243817
365	1.55255883281332	-0.0287003922572846	3.36560191580643	3.39430230806372	3.45122703493142	1.48363152362588	5.22507586618215	3.74144434255627	4.86392607241187	2.85774081746661	7.50696073949252	4.6492199220259
342	3.45932536813023	1.81525747489292	5.87025518720468	4.05499771231176	2.8889813737712	0.71378733753658	5.28554675888008	4.5717594213435	6.4795888428285	3.81042264503958	9.32495381182525	5.51453116678567
341	1.4637402817193	-0.445726299093902	2.95074751045821	3.39647380955211	1.66642512862559	-0.590778495864641	3.33405762376979	3.92483611963443	3.02436587871178	0.412849218040539	5.19981757838633	4.78696836034579
343	1.43806176284366	-0.394706754774352	3.50361457092313	3.89832132569749	3.22133572603797	0.955868027047778	5.40536920777064	4.44950118072286	4.54043300815694	2.37089687332682	6.84132592552364	4.47042905219682
368	2.35296723082448	0.231795838914676	4.03175134353089	3.79995550461621	0.497801002296353	-2.06874086898517	3.1864401925472	5.25518106153237	2.89702058639276	0.30905976338428	5.10305929651924	4.79399953313496
389	3.86812346448372	2.20217827919155	6.11560661354525	3.9134283343537	-2.24539195095843	-4.92029479396928	0.460033945042595	5.38032873901188	1.5636072619991	-0.755098949460651	4.60147749067344	5.35657644013409
372	2.18974898203613	0.565156123464902	3.86269458438231	3.29753846091741	2.32091384393801	0.452129011776819	4.3902056102984	3.93807659852158	4.61703172758627	2.11063148509866	6.68063013047801	4.56999864537935
362	1.35573961374276	-0.153445360245517	3.01328881913742	3.16673417938293	1.37367986549155	-0.944830446696661	3.22798961658042	4.17282006327709	2.73608259273512	-0.00763161864679508	5.18757678656973	5.19520840521652
335	1.67515640624878	-0.180632549132624	3.8111807406283	3.99181328976092	2.31915705277337	0.140898978144947	4.63941570380185	4.49851672565691	3.97089192036182	1.83473123416736	6.40637220016851	4.57164096600115
410	1.43297460887165	-0.154998030044729	3.24268350356106	3.39768153360579	0.414424700770964	-2.35821009072525	3.20897829346986	5.56718838419511	1.84706859948748	-0.701721188897279	4.2215729589968	4.92329414789408
355	2.81454899491065	1.0918607508411	4.74095762421918	3.64909687337807	1.61900035364146	-0.534107855861949	3.66508756835629	4.19919542421824	4.41340742490207	1.69130513939851	6.53707432218093	4.84576918278242
382	2.36984081855261	0.917202130881949	3.84836168572541	2.93115955484346	1.03596611075172	-1.62141084019281	4.18721967097856	5.80863051117136	3.43482920209131	0.738524391428844	5.97589215598295	5.23736776455411
390	-0.508882529733479	-2.11339478211064	1.05190452986546	3.1652993119761	1.62393970106693	-1.3052303150813	4.4142153286887	5.71944564377	1.00740193339957	-1.46744166272753	3.63042812370617	5.09786978643369
375	1.87113996944989	0.17432641840239	3.70526338936273	3.53093697096034	2.23443674441794	0.101422804226677	4.54763165581007	4.44620885158339	4.13761386819667	1.63277248556994	6.65389449792267	5.02112201235272
371	0.219104909823858	-1.82403202100581	2.30589708358982	4.12992910459563	2.58444806429138	0.229726701768224	4.75083954938373	4.52111284761551	2.8290391156885	0.113457937294399	5.85831498446191	5.74485704716751
366	1.7636373738216	0.00955201825205874	3.4743065409012	3.46475452264914	2.37730890609923	0.483927435067607	4.91014704193768	4.42621960687007	3.99866507991691	2.02084410084594	6.86058510902984	4.8397410081839
393	1.3417895132574	-0.372314796225471	3.33562080724064	3.70793560346611	1.35152173260663	-1.27416959556776	3.72841954125881	5.00258913682657	2.68656690044617	0.320454584474319	5.17377062766312	4.8533160431888
384	0.818692762479321	-1.00775528264651	2.89823608581391	3.90599136846042	1.33949610251108	-1.04380265955574	3.36041696086744	4.40421962042318	2.09098270073916	-0.407349296958753	4.99271475600566	5.40006405296441
404	2.57742180468078	0.723247609722096	4.7181743652223	3.99492675550021	1.75505664982148	-1.72143088720989	4.91868461667197	6.64011550388186	4.17040609183177	1.37133067029928	7.15631089492214	5.78498022462286
385	1.77161377064438	0.0898471131923652	3.25716895946883	3.16732184627646	1.45939833116774	-0.88012108140487	3.28058908876947	4.16071017017434	3.06325258165407	0.950734014678573	5.64048422428992	4.68975020961135
369	2.21384470240594	0.766886206545105	3.73862383029164	2.97173762374654	1.71397321108517	-0.769053208247882	3.85789916197709	4.62695237022497	3.97935696967156	1.51365038568686	5.95488158495112	4.44123119926426
391	2.87549353461761	1.06883068683512	4.59076095080966	3.52193026397454	1.02467890447463	-0.761752630732496	3.10233636014704	3.86408899087953	3.89951447016384	1.40297649204484	6.69217295240568	5.28919646036084
413	1.13208057851796	-0.44062492537649	2.73919623124181	3.1798211566183	3.19075328275594	0.150111795230482	6.41985751639894	6.26974572116845	4.40435060759829	1.62333109703898	6.82537941490723	5.20204831786825
416	3.2607334506091	1.54579178793865	5.35095927948508	3.80516749154644	1.72767959821261	-0.508120782580234	3.79822116794512	4.30634195052536	5.05918112676374	2.60913115003547	7.39321058828759	4.78407943825212
407	0.838135666248625	-0.833759392369002	2.8930096222133	3.7267690145823	0.629410125656265	-1.95870343023632	3.07198446156534	5.03068789180166	1.6536222068371	-1.02277566325678	4.49951915188573	5.52229481514251
395	1.35519669509356	-0.583496370690503	3.19550008451322	3.77899645520373	2.4519605300828	0.122176010261055	4.38301654745496	4.2608405371939	3.88788037799284	1.34974183726653	6.28738136232428	4.93763952505775
405	1.8730812973338	0.221640608291967	3.41016290238313	3.18852229409116	1.50330863981548	-0.610762568258524	3.76997779541933	4.38074036367786	3.49495603452137	0.877716367095342	6.32200521140225	5.44428884430691
392	2.3059185602604	0.362171665565801	3.88300302498046	3.52083135941466	2.73463921080439	0.749838500055224	4.55919324392991	3.80935474387469	5.05697144979166	2.94080534282053	7.59358807705491	4.65278273423439
378	1.62307157794987	-0.480470929382002	3.31517220779342	3.79564313717542	1.3263739306423	-0.770033719414627	3.15892225593072	3.92895597534534	2.88549643540313	0.811511959226829	5.00356709247606	4.19205513324923
426	0.529220693399156	-1.57594580742269	2.41820139709717	3.99414720451986	2.10407503802398	-0.1031248702649	4.47023182419209	4.57335669445699	2.62398074432579	0.223688170302558	5.08683613906987	4.86314796876731
449	1.36891685579197	-0.0749468913022915	2.92792760754272	3.00287449884501	3.3334353401797	0.497266789326104	6.11306449250433	5.61579770317822	4.82725246160441	2.42580287483331	7.02526887977464	4.59946600494133
387	2.06833896177103	0.279828892093495	4.09208952767315	3.81226063557966	1.1206234484761	-0.975590525232456	3.56080632576393	4.53639685099638	3.21590890477949	0.760703134433119	5.97776544211262	5.2170623076795
414	1.80638581186262	0.24044019068078	3.55193788362228	3.3114976929415	3.79443392477314	1.34534066441405	6.08763475894809	4.74229409453404	5.51560952485138	3.59973793428098	7.97527450180113	4.37553656752015
399	0.513413301959504	-1.39745580183121	2.23835635275148	3.63581215458269	0.936101254437775	-3.67012586587051	3.29450323968348	6.96462910555398	1.43068028577811	-2.60231800386022	3.47132977445129	6.07364777831151
402	2.66396318465118	1.35106614334643	4.23674485097996	2.88567870763352	0.0729412343576183	-2.94821709399732	3.44645251225964	6.39466960625696	2.72908601557687	-0.112668026856876	5.53132150767682	5.6439895345337
438	1.03641718153865	-0.600072850312314	3.18459210349016	3.78466495380248	1.99648985882337	0.265747079046764	4.29900344084287	4.03325636179611	2.98795837414261	1.25389062678517	5.41294062844181	4.15905000165664
427	2.24529136499059	0.782426792123918	3.73211641081956	2.94968961869564	1.29383325697512	-0.663585623265609	3.33609528386888	3.99968090713449	3.49530807018849	1.10169466141259	5.91845321495642	4.81675855354383
432	1.4040285439465	-0.0903233935439636	2.90472078675178	2.99504418029575	1.58695222968239	-0.348530513081342	3.62553667536591	3.97406718844725	3.00404710263141	0.796963111265342	5.42689631423511	4.62993320296976
431	2.88379140767341	1.12662256734858	4.75008099639887	3.62345842905029	1.65823895759571	-0.116939995927565	4.01778741563705	4.13472741156462	4.56456921012287	1.81641962404744	7.39520278760854	5.5787831635611
425	1.96378984876681	0.278596461490218	3.50751574156337	3.22891928007315	1.15744434009162	-0.617451270199908	3.4353472939684	4.05279856416831	3.2402882962181	0.922521873656224	5.49375654195121	4.57123466829499
411	1.66589046619175	0.0800156432189257	3.28169862960651	3.20168298638759	2.68512844057975	0.451538117347489	4.76446406588311	4.31292594853562	4.29540187144328	1.51019397951317	6.74277792469703	5.23258394518385
403	2.78074412581513	1.21060480884932	4.38285139031907	3.17224658146975	1.27131695975788	-1.272441840338	3.17126529699854	4.44370713733654	3.91609591057418	1.3738410145596	6.13937037451036	4.76552935995075
447	2.67321399856878	0.72134218300357	4.82225695772017	4.1009147747166	0.655717024727939	-2.0293284313224	3.85464170317074	5.88397013449314	3.39968334799559	1.15304676923973	5.78138949817968	4.62834272893995
418	2.65859472508662	1.10666322993979	4.61311681571886	3.50645358577907	1.02669329056432	-1.00092436066643	3.05540451922398	4.05632887989041	3.78469891226854	1.41116925025458	5.94014086471028	4.52897161445569
436	2.74887224664671	0.97503451264335	4.76195409199133	3.78691957934798	2.47604617879969	0.11205874311488	4.74160246268203	4.62954371956715	5.28778872398601	2.91427774576616	7.55638159609763	4.64210385033148
439	3.69522222552594	1.81688497333291	5.62292916657294	3.80604419324002	4.17612138630694	1.4393817852463	7.05639397830233	5.61701219305602	7.86609059152899	5.28785497477547	10.7089804055303	5.42112543075485
433	1.24146650792444	-0.405495471416933	2.95612667304722	3.36162214446416	3.13731096222113	-0.426181716201619	6.04941480298161	6.47559651918323	4.18102812483152	1.39185372801812	6.80495472330815	5.41310099529003
419	1.65206141967504	-0.0811554922058882	3.63014609162323	3.71130158382912	0.288449743307811	-1.53614109099623	2.37539016503609	3.91153125603232	1.93411851343911	-0.42699183802004	5.20015549923319	5.62714733725324
428	1.43935648873966	0.125343724748573	3.16880580601401	3.04346208126544	2.01111750080293	0.17166829518109	4.01558932191871	3.84392102673762	3.67277432930444	1.20912743541239	6.01381339430119	4.8046859588888
396	1.32247819333734	-0.459718408914453	2.95321469714506	3.41293310605951	0.749430073488719	-1.12651148046606	2.89350140598883	4.02001288645489	2.12957503775079	-0.152238491210094	4.26576616778787	4.41800465899796
394	1.67921099583903	-0.0425859993664466	3.41658664730624	3.45917264667269	3.77071322741504	1.75601881743631	5.81562428034295	4.05960546290664	5.70879369862524	3.29372520408788	8.06874838672619	4.77502318263831
423	1.29643515861787	-0.736092532921127	3.27477694249711	4.01086947541823	1.54222335147284	-0.855438294058573	3.898242211186	4.75368050524458	2.71764632789375	-0.0976475148142574	5.01178942032558	5.10943693513984
429	1.03018260346776	-0.501155600814036	2.6645456788902	3.16570127970424	3.76598860129139	1.51967330917997	5.93686598648584	4.41719267730587	4.78009503024632	2.27212284099232	6.90045677503008	4.62833393403776
430	2.73978828549409	0.884615041901547	4.71516165121167	3.83054660931012	0.533599061897403	-2.0195293757678	2.60771884923185	4.62724822499965	3.3021553904265	0.212859734138407	5.65706452108432	5.44420478694591
437	2.01400488222521	0.328327466816513	3.72758447574764	3.39925700893112	2.51007739364383	0.624549996803023	4.66425618605433	4.0397061892513	4.56867371531328	2.27721780205616	7.00870459826091	4.73148679620475
441	0.567551442727722	-0.891260375585977	2.69624176738485	3.58750214297083	2.26363501997074	-0.750894033785906	6.4284632585802	7.1793572923661	2.8870291008301	0.275476263071125	6.71834204538168	6.44286578231056
424	2.20856485780163	-0.148653171213394	3.99039693838604	4.13905010959943	2.62171667507695	0.217300512847973	4.88868097304699	4.67138046019902	4.70363402939432	1.90032966991827	6.94075182546996	5.04042215555168
409	2.9745219698503	1.20699189956552	4.68111379903096	3.47412189946544	3.32917409220377	0.503116597792055	6.23402018863441	5.73090359084236	6.33331372551755	3.24190911369261	8.73795137233415	5.49604225864154
415	1.3205836868264	-0.164129781730017	3.33029702166903	3.49442680339904	0.237748388173664	-1.94564864509406	2.38274356523682	4.32839221033088	1.63870652731107	-0.854750733543999	4.26825499865136	5.12300573219536
469	3.47910330458712	1.5763293898745	6.08947529914403	4.51314590926953	1.87480883072726	-1.69341960383545	5.20829314190146	6.90171274573691	5.58184911789038	2.69985055909642	8.24396823335937	5.54411767426295
450	1.67858327535499	0.199572908632381	3.10092176327459	2.90134885464221	1.25342909499299	-1.88390980288472	4.28287177566675	6.16678157855147	2.84750849757843	0.180453870297289	5.27068903876501	5.09023516846772
440	2.34193746327582	0.88044933183656	4.34445548101062	3.46400614917406	1.92521653098462	-0.198634046632878	4.25381909027443	4.4524531369073	4.3573370989247	1.84366734635279	7.04873813546956	5.20507078911678
448	2.14086377917417	0.301292188247093	3.77607613860284	3.47478395035575	1.03868139526995	-1.06334033315838	3.4815317677398	4.54487210089818	3.13152630031792	0.451530909293363	5.84006763223303	5.38853672293966
446	2.3063608174909	0.693232799374459	4.38934677111094	3.69611397173648	2.12889943997499	-0.513388105219644	4.78743954180282	5.30082764702246	4.40276363381493	2.04166883868944	7.305413669952	5.26374483126257
453	0.998510799025613	-0.567953118340397	2.98827897616159	3.55623209450198	0.834392995702444	-1.30884773197384	3.11325369388635	4.42210142586019	1.83872685380756	-0.814634617953744	4.09023739097268	4.90487200892643
401	2.25773419960877	0.465832726197567	4.58941514332427	4.1235824171267	1.66540457708121	-0.797324334862514	3.9033097591208	4.70063409398332	3.92922658231694	1.33284546477443	6.93546008569844	5.60261462092401
443	0.885191833764661	-0.625171503360734	2.56595134183934	3.19112284520007	2.60679953971705	0.600438243395688	4.52666760875457	3.92622936535888	3.48253436095842	0.995136775285994	5.65848915669321	4.66335238140721
417	0.691152838867009	-0.825704174284585	2.10066255522021	2.92636672950479	0.962383648873427	-1.36023304807046	3.17383621366708	4.53406926173754	1.64571218256019	-0.541480529821548	4.00724578292694	4.54872631274849
452	1.39736716291387	-0.152856162800667	3.08654019983848	3.23939636263914	0.130057077803337	-2.28090953510054	2.09314292638778	4.37405246148832	1.61385553314327	-1.20190298359015	3.65144886530496	4.85335184889511
498	2.50381535854066	1.10053232334815	4.51586752007046	3.41533519672232	2.17820655194503	-0.647968446640805	4.60793784042297	5.25590628706378	4.60468383769396	1.89787983493599	7.30579691424774	5.40791707931175
445	1.8982575078222	0.207725550280246	3.60049260314673	3.39276705286649	1.09846833424045	-1.3113972869769	3.37460654932642	4.68600383630331	2.98866853682432	0.613404142288454	5.69228500059657	5.07888085830811
420	1.48608314199448	-0.148820050304958	3.52447679833277	3.67329684863773	1.7625533717453	-0.566507697511294	3.93811903174787	4.50462672925917	3.27108411656974	0.584784148229551	5.99057756975778	5.40579342152823
444	2.37676879143322	0.500908288134523	4.32594003580579	3.82503174767127	0.908528509395534	-1.62276486527147	3.48580597888641	5.10857084415788	3.43910631205011	0.383504924513347	6.21710277138401	5.83359784687066
487	1.80446746258645	0.181666218615258	3.70011339321734	3.51844717460208	1.58599401200086	-0.426268930771713	3.70957844432688	4.13584737509859	3.24921158478085	1.3181165053565	5.60287056515195	4.28475405979544
451	1.98552187208746	0.260711270400988	3.72986993086541	3.46915866046442	0.939721229003719	-1.10187282428774	3.38256543575059	4.48443826003834	2.94660954206079	0.419947428871486	5.78114192146766	5.36119449259617
421	2.94015765407594	0.985543381089981	4.86399976374795	3.87845638265797	1.81093884787318	-0.831156597229001	3.77235135289252	4.60350795012153	4.56970174052752	2.06534131529701	7.25061979499151	5.18527847969449
422	1.67482618211089	-0.511403697978774	3.38174667521014	3.89315037318891	2.10004528119553	0.34798705380019	3.9507013404676	3.60271428666741	3.78900125654107	1.44702973848675	6.01293456873198	4.56590483024523
483	1.73015235135882	-0.00892930460070633	3.06934784591483	3.07827715051554	2.47700191237188	0.336917446697107	4.83740669823807	4.50048925154096	4.11667709761623	2.12353709383261	6.10694600677615	3.98340891294355
490	2.48017855985911	1.06692171758198	4.10460366570277	3.03768194812079	1.6087715663623	-1.03343585806281	4.36483431171036	5.39827016977316	4.16035544693516	1.67261934991747	6.78081411232049	5.10819476240302
461	3.12035779584756	0.873144213507635	5.12353724968988	4.25039303618224	1.58163351949258	-0.505912063559055	3.95593851738544	4.46185058094449	4.68157402942606	2.27864077744978	7.83083763439944	5.55219685694966
467	2.17345316511541	0.4452975644635	4.63449579142905	4.18919822696555	0.874119453034699	-1.35850821566514	3.02675509414939	4.38526330981453	3.17389557867415	0.380936241798769	5.43278355705966	5.0518473152609
466	1.96554825495988	0.220019608069695	3.31230354654762	3.09228393847793	2.4119575066157	0.391198238629075	4.46336952800315	4.07217128937407	4.4927017016278	1.64619270528182	6.604356518079	4.95816381279718
485	1.13921828339613	-0.612213522904672	2.74258288993444	3.35479641283911	1.75694518103331	-0.638330333215751	4.08276523165784	4.72109556487359	2.84843010997734	0.409206770693091	5.5593211699566	5.15011439926351
479	1.15392047123462	-0.501062414317451	2.69863286278782	3.19969527710527	4.30619442030342	2.02017486609923	6.30040648191768	4.28023161581845	5.6340801726891	2.90402134036245	8.06865347769197	5.16463213732953
465	2.04967191221954	0.471480567484973	4.20349078490865	3.73201021742368	1.09139771382202	-1.32612545868641	3.64741761818814	4.97354307687454	3.19902066219923	0.28323159058471	5.88057754002492	5.59734594944021
442	1.54795187405743	-0.237710526330383	3.15380052587882	3.39151105220921	2.90268863911836	0.657141653903064	4.98898613091222	4.33184447700916	4.34875229801346	1.83298806552233	6.47515115012597	4.64216308460364
486	2.19065164930761	0.486547032546893	3.77687328726942	3.29032625472253	-1.5288031615438	-3.72024137753338	0.651745902820917	4.3719872803543	0.679226331752829	-1.95120337907663	3.01534207060372	4.96654544968035
480	2.47170553237275	1.00361838958987	4.53504852033467	3.5314301307448	1.41005514344858	-0.933413002618277	3.41899195584328	4.35240495846156	4.03625073065972	1.57368146111275	6.36638904693687	4.79270758582412
484	0.794799972049692	-0.73442256300646	2.60025145823825	3.33467402124471	2.45155756523005	0.0513158015305436	4.38565737326981	4.33434157173927	3.01334813525089	0.665576894231786	5.52848811677483	4.86291122254304
500	1.77601811273997	0.0937184788447719	3.5744498459642	3.48073136711942	0.519089499100637	-1.47507971840368	2.84049120656341	4.31557092496708	2.45784031873876	-0.199051870067884	4.57667249294973	4.77572436301762
464	1.89555578857545	0.218479821629269	3.5451656022553	3.32668578062603	2.49441692834999	0.487694177301786	4.88769583249331	4.40000165519152	4.42103585393053	1.7902000656055	6.93626946202017	5.14606939641466
478	2.08268100526011	0.554074914273624	4.05918776638792	3.50511285211429	1.98279110973355	-0.198968852615507	4.0340462788145	4.23301513143	4.23666150436034	1.63258454951947	6.27191963637414	4.63933508685467
462	1.94298683209534	0.407186490186137	3.79027913672836	3.38309264654222	0.255065484945545	-1.95801266551191	2.48679299947641	4.44480566498831	2.08934961278035	-0.0319188267641686	4.71267795951266	4.74459678627683
474	3.41942256087324	1.4534086978121	5.28275697767791	3.82934827986581	2.31524999589035	0.228395779337315	4.64882326323139	4.42042748389407	5.73356869144718	3.35993239742506	8.03625122643087	4.67631882900581
482	1.95651463178532	0.488634919235212	3.58023440429756	3.09159948506235	1.20778878721337	-0.737546401194528	3.18117654368649	3.91872294488102	3.22900239829209	0.994897067807103	5.67867919997368	4.68378213216658
463	1.19478642652105	-0.674515515923778	3.36420892855849	4.03872444448227	2.16352999299973	-0.126637387863928	4.6590176010766	4.78565498894053	3.31907303059638	1.14244152270631	6.21505072826539	5.07260920555909
460	1.41327035625944	-0.363320754013295	3.51724165365843	3.88056240767173	2.26146613409689	0.207191466387003	4.44059834414842	4.23340687776142	3.5627043518285	1.40278346910085	6.2082479835574	4.80546451445654
477	1.39233650165928	0.0476232321824231	3.17831268260712	3.1306894504247	2.01433754839531	-0.0115988087047684	4.18236225615693	4.1939610648617	3.47769864897548	1.19297007770167	5.62402336299786	4.4310532852962
497	3.16438822269398	1.18611646235004	5.23866696046196	4.05255049811192	2.21867269032213	0.240897741944026	4.48586302988172	4.24496528793769	5.308288151094	3.43485096628822	7.62630791881381	4.19145695252559
493	0.732124572694455	-0.99458023416522	2.72361043287652	3.71819066704174	1.78855478229912	-0.693027974370372	3.75059527506687	4.44362324943724	2.58969251745652	-0.13580622380987	4.86612063597244	5.00192685978231
496	2.29763510510902	0.56442534264297	4.08848676056241	3.52406141791944	0.485440394414201	-1.75086975780994	2.57714673808595	4.32801649589588	2.72808147849395	0.383387316021716	5.08165994678546	4.69827263076374
489	2.65007393910074	0.739660177537636	4.58881011704666	3.84914993950902	2.00428509550865	0.0994201913827936	4.73535138515936	4.63593119377656	4.71278571059713	2.47405344752433	7.20575602660279	4.73170257907847
475	1.59209470162993	-0.362107453353047	3.64924914956742	4.01135660292047	0.978498571584912	-1.43567114872061	3.06871339622075	4.50438454494136	2.52312837261483	0.00568599155598515	4.7931964417842	4.78751045022822
495	3.31691112557034	1.81131768757901	5.47594212135841	3.6646244337794	1.5138614539427	-1.60016976420356	4.35708773439723	5.95725749860079	4.89606547458486	2.34091317852066	7.58306412187148	5.24215094335082
468	1.62262946956637	0.0961419172728486	3.00594322919265	2.9098013119198	0.204862815299101	-1.95098410695665	2.13421661103729	4.08520071799394	1.83103334835873	-0.521015416276491	3.6618543515958	4.18286976787229
473	0.697042966190303	-0.850757568601804	2.81071564464122	3.66147321324302	0.263089751316524	-2.06295966358479	3.33804358005632	5.40100324364111	1.07185384759408	-1.84487894596407	4.41334962405453	6.25822857001861
459	3.35700008250997	1.63241391086632	5.47733924144521	3.84492533057889	2.2270357601709	-0.0596101140756582	5.32797852511761	5.38758863919327	5.69498643325824	3.01710393569542	8.86851795132056	5.85141401562514
494	2.3609110274328	0.682123485270282	3.87572284385134	3.19359935858106	2.34882866117931	0.194036149390693	4.91801852381353	4.72398237442284	4.76648500859289	2.22554770406739	7.24266301220304	5.01711530813565
476	0.927723540636116	-1.1634107573139	2.75540216065431	3.91881291796821	1.19765638619156	-1.1381470176166	3.32468853466116	4.46283555227776	2.05895435772685	-1.38790201403912	4.82910717168915	6.21700918572826
481	1.46910394410065	-0.364626734889314	3.54878302215851	3.91340975704783	1.24980764144498	-0.965611904191869	4.02105423537734	4.98666613956921	2.84346233328793	0.522030734036961	5.9438509407467	5.42182020670974
458	1.35286454343489	-0.615121409501453	3.32682115848801	3.94194256798947	2.31837428987169	0.163362029425187	4.52171515785428	4.3583531284291	3.6785529874397	1.56607255442992	5.65254554725031	4.08647299282039
492	1.26957137553922	-0.434158237002805	3.15760528961509	3.59176352661789	2.02475576362356	-0.10401246556758	4.09109059899786	4.19510306456544	3.37536947021488	0.589916243016186	5.68490741765573	5.09499117463955
488	2.20703056811906	0.355374270351475	3.86789158188171	3.51251731153024	0.990932714175814	-1.39051744139759	3.37134398175638	4.76186142315397	3.048564856343	0.96979956688008	5.96909695779073	4.99929739091065
