"run_ID"	"NIE"	"NIE.q025"	"NIE.q975"	"NIE.CIl95"	"NDE"	"NDE.q025"	"NDE.q975"	"NDE.CIl95"	"ATE"	"ATE.q025"	"ATE.q975"	"ATE.CIl95"
35	2.51494240572861	1.39518672757309	3.95932963671056	2.56414290913747	-1.0267238680696	-3.38671286356637	1.12122176927065	4.50793463283702	1.47205716471395	-0.359924969846766	3.19005061273541	3.54997558258217
31	2.55079818388139	1.45540770188733	4.15827805031228	2.70287034842495	2.44337038110978	1.13523464991674	4.02067072722031	2.88543607730356	5.07456942406654	3.34503991771864	6.79777091468696	3.45273099696831
15	2.79207100508945	1.3982116297199	4.58062266870248	3.18241103898258	2.08217161875407	0.423768065992355	3.78494737653325	3.3611793105409	4.8781808965582	3.05102998073667	6.67792511353248	3.62689513279582
9	1.77864456395718	0.374565585085324	3.17411932783963	2.7995537427543	3.13527590718293	1.64037613722117	4.671122316434	3.03074617921283	4.83769980245746	3.16350510087848	6.53065110024711	3.36714599936862
18	1.88751006251542	0.737066398988628	3.21598249890921	2.47891609992058	1.72202760501602	0.105363068734293	3.18252513884364	3.07716207010935	3.49030458987685	1.79109457559315	5.31336806579119	3.52227349019804
2	1.76528084623376	0.436497764460099	3.40718432228012	2.97068655782002	2.19997824156933	0.29521863066912	3.75287345675355	3.45765482608443	3.97127671417629	2.00784809669904	5.54750899741879	3.53966090071975
17	1.78133265957222	0.629065379985715	3.03839332219482	2.4093279422091	2.06223220724417	0.417701469293749	3.67305927627075	3.255357806977	3.89901608296314	1.8684301112245	5.71401043779472	3.84558032657022
3	2.09649383191413	0.79791531300404	3.51313651034324	2.7152211973392	-0.0647485320417489	-1.7623485640746	1.83080887015768	3.59315743423228	1.9386236028324	0.341258042611914	3.81677505824433	3.47551701563242
13	1.7416721730437	0.549066602461241	3.57373289741705	3.02466629495581	1.96644036179124	0.283922168812943	3.64539629461194	3.36147412579899	3.68412366503598	1.76560953912183	5.73824140979437	3.97263187067253
14	1.37507536340317	0.242053709080638	2.70210030445488	2.46004659537424	2.27361396454162	0.744867346152025	3.89296029250831	3.14809294635629	3.71718301852787	1.97785743775284	5.56106883860073	3.58321140084789
20	2.33250066504076	0.933336177736174	3.78378371140766	2.85044753367149	0.653577057447729	-0.991889110153591	2.31577881670264	3.30766792685623	3.10181319130057	1.24609021044802	4.85803732662106	3.61194711617303
1	1.73612660020048	0.603017468913402	3.43832635439027	2.83530888547687	1.94543120782618	-0.0344086240753314	3.80111306691723	3.83552169099257	3.68369666788252	1.74213250715096	5.9683224566643	4.22618994951333
30	2.34243171841555	0.794894990120582	3.91380234297698	3.1189073528564	1.71082330161733	0.0546905367160931	3.10664021361983	3.05194967690374	3.96770732534748	2.4474965365681	5.85670064641846	3.40920410985036
53	4.45514135177691	3.17979470317306	6.06539483327417	2.88560013010111	1.07531558071485	-1.32626443341386	3.14583383754043	4.4720982709543	5.61076187972928	3.3777753762622	7.25986492203961	3.8820895457774
16	2.38682351789379	0.962951998887564	3.68539751052058	2.72244551163302	1.55506843436157	-0.188923213729021	3.28262251617105	3.47154572990007	3.96357387967594	2.14764198784294	5.65858232306571	3.51094033522277
4	1.69391741696357	0.490401660705437	3.4725872749332	2.98218561422776	1.59965630133333	-0.380898411644713	3.1662826631847	3.54718107482941	3.28852751150863	1.59489381023502	5.14392916652445	3.54903535628943
7	2.23557099620029	0.68358059092391	3.70934896665105	3.02576837572714	1.73767618372382	0.0565331761801272	3.47497187081096	3.41843869463083	4.10626441396945	2.04259500565151	5.49056525170534	3.44797024605382
12	1.21270495404562	-0.0726713371982075	2.7325762624994	2.80524759969761	1.21236159145979	-0.315630082103562	2.87337737840332	3.18900746050688	2.50010272177551	0.697924334880815	4.53564704389962	3.8377227090188
34	2.20520555667473	0.781789635295824	3.76623177921826	2.98444214392244	0.785567019756339	-1.2791981153872	2.41496315598111	3.69416127136831	3.00638920195766	0.827931981948507	5.01714651873046	4.18921453678195
37	1.41631049765758	-0.219251542582901	2.86122348730368	3.08047502988658	1.71186922285093	0.19851310636717	3.32984469696617	3.131331590599	3.12334832115086	1.57489706042323	4.86687456203178	3.29197750160856
24	0.382701217263373	-1.03070250842032	1.8695432291929	2.90024573761322	1.71124607851144	-0.377237699609507	3.39748099661222	3.77471869622173	2.18610974853479	0.227246892871655	4.25250455346865	4.025257660597
48	1.92335429293758	0.737751849404474	3.13971778275576	2.40196593335128	1.90427882763627	0.295740559695125	3.57624650634663	3.28050594665151	3.82979854982785	1.9363933788068	5.95104979661193	4.01465641780513
19	2.40815851798385	0.884832449895921	4.26235059704114	3.37751814714522	0.559987567732088	-1.08740063906627	2.6707824925204	3.75818313158667	3.11929652451261	1.10057813823135	5.25517165872217	4.15459352049082
27	1.95728834813889	0.765027921464817	3.37582010052961	2.61079217906479	1.52878375042285	-0.15216429615632	3.36371925643198	3.5158835525883	3.48733148492416	1.52879284746199	5.62042107629535	4.09162822883337
51	0.984948502369708	-0.149990128234412	2.50328199686254	2.65327212509695	1.5674364386951	0.234381666717772	3.3066586685412	3.07227700182343	2.6719692119831	0.908974930979688	4.1240575801734	3.21508264919371
22	0.481750447115575	-1.1601459418163	1.7549285232685	2.9150744650848	2.22895056507844	0.143275930955619	3.89044450927404	3.74716857831842	2.60461532892685	0.762156333104043	4.47114235500838	3.70898602190434
6	1.63029376311712	0.377738304706515	3.08983405997032	2.7120957552638	2.17258346540718	0.602266164672211	3.65298056966386	3.05071440499165	3.77825846822732	2.21640113456048	5.30899180444986	3.09259066988938
26	2.4522281571279	1.02081450955445	3.82169759831903	2.80088308876458	0.384158453859364	-1.36547368043134	2.3236522393667	3.68912591979804	2.90021525816393	0.953766888239897	4.70101601735109	3.74724912911119
44	1.80394942225068	0.619698485710069	3.03171941079344	2.41202092508337	3.25158821524111	1.16658379516708	5.5611950713679	4.39461127620082	5.09636513069767	3.28044107935815	6.71432029162883	3.43387921227068
5	1.48802215369837	-0.0866042593708356	3.02412756716877	3.1107318265396	1.86633068230359	-0.191603107490603	3.38561612488549	3.57721923237609	3.27336616733054	1.17667434058718	5.23217894898889	4.05550460840171
25	1.23421808312724	-0.05353111655387	2.65080318305961	2.70433429961348	1.75385903071187	-0.56844246509184	3.30025618980856	3.8686986549004	3.11277581251011	0.829973438997379	4.62343821783386	3.79346477883648
28	2.23554907500549	0.740172899079912	3.68907792954154	2.94890503046162	2.13576992145601	0.317382540011835	3.95747860023235	3.64009606022051	4.33234372392396	2.27389835441308	6.45353670277535	4.17963834836227
45	1.51280745940259	0.269774728956399	2.69163907720437	2.42186434824797	1.86285220329912	0.243223115682658	3.68974216459885	3.44651904891619	3.46249779096709	1.68786438867446	5.23968960865111	3.55182521997665
33	2.17118718504104	0.740393997644514	3.58097822006956	2.84058422242504	2.37202897036313	0.513987524036193	4.07146891242067	3.55748138838448	4.63490456201528	2.892197824022	6.35926071998461	3.46706289596261
38	1.85893639400757	0.61858479654858	3.0681831290942	2.44959833254562	1.80209112403417	0.162000942889288	3.41069857057414	3.24869762768486	3.65635132451925	2.10590303618321	5.30632266516523	3.20041962898202
49	1.28430958990062	-0.0210158855402368	2.69333139736086	2.7143472829011	1.92125560662365	0.288051439413621	3.49409880709602	3.20604736768239	3.23101337933803	1.38152349906598	5.26290783614125	3.88138433707527
23	1.82553959635623	0.43079042574139	3.36710291244448	2.93631248670309	2.30110540607766	0.584657927844183	3.78108086157414	3.19642293372996	4.09842471578335	2.41321732881145	5.74033995337119	3.32712262455975
77	1.3793253971593	0.0571387544566784	2.92820415362585	2.87106539916917	4.69775129597545	2.24161847500737	6.72044490740057	4.4788264323932	6.0292960224123	3.93091431565287	7.71241965740192	3.78150534174905
40	2.47973561943867	1.1396429793416	3.91598573314551	2.77634275380391	2.22590194321229	0.591476227461749	4.2397260947447	3.64824986728295	4.71030989725594	3.07238779020022	6.84966941366409	3.77728162346387
36	1.2461132639594	-0.142497486514321	2.53138177546319	2.67387926197751	1.43921129553836	-0.41142526929248	2.96473200745476	3.37615727674724	2.65922822679775	0.934651442225538	4.5867581204616	3.65210667823606
66	2.34918335180098	1.27234735001025	3.6328530222411	2.36050567223085	1.36488834313896	-0.82509205853449	3.69789179567182	4.52298385420631	3.74709656567885	1.80542952949103	5.84503484106921	4.03960531157817
8	2.33235453074137	0.803297166471688	3.67884648187558	2.8755493154039	1.54145182441787	-0.380425259221129	3.56593552183288	3.94636078105401	3.85237281043794	2.04337835547823	5.80454880367527	3.76117044819704
50	2.59628070521474	0.927307337590501	3.94992404396996	3.02261670637946	0.982023167475414	-0.996604479169333	2.64401296726679	3.64061744643612	3.56872128261158	1.83250525172602	5.46245526251306	3.62995001078704
52	2.88332895060614	1.51950319967664	4.16724533667757	2.64774213700093	2.64547216353333	0.94797621343231	4.19043535253103	3.24245913909872	5.49022728364358	3.81692135704108	7.19596984062036	3.37904848357928
76	2.05052940420561	0.761495252697811	3.24002375960462	2.4785285069068	1.19835644970817	-0.578542876460305	2.78240094417537	3.36094382063567	3.21655737698859	1.47235297402925	5.00876384790316	3.53641087387391
29	0.534706215874074	-0.952695665422325	1.72692463250338	2.6796202979257	1.34892689104553	-0.229105614468028	2.87113759067485	3.10024320514288	1.87631568237015	0.277508318122215	3.37615963371001	3.09865131558779
39	2.02910375157437	0.841597656926607	3.69968739247201	2.8580897355454	0.803131430277862	-0.854140395541079	2.59890535034453	3.45304574588561	2.86451581076914	0.995514438180528	4.60499879841567	3.60948436023515
32	1.91116809672346	0.567882146926755	3.29704244012033	2.72916029319358	0.838209258594566	-0.976960203152417	2.54998058251113	3.52694078566355	2.76922953701173	0.494857519775182	4.68252311312443	4.18766559334925
72	1.79787760209718	0.774654640278481	2.97753569038688	2.2028810501084	0.322661478339818	-1.68700066429978	2.1912557495286	3.87825641382838	2.12340163632199	0.303564266738891	4.01081532961754	3.70725106287865
104	2.73515858567268	1.57662017636034	4.01451331404716	2.43789313768682	1.53777894810156	-1.07699982702373	3.41175124009871	4.48875106712244	4.27851556263306	2.10932457709041	5.9558683168934	3.84654373980299
42	0.0317667936441031	-1.2113309627104	1.20436045802361	2.41569142073401	1.94601421510331	-0.125639391174135	4.12518860105539	4.25082799222953	1.98210950804112	0.16693538849821	3.64065152218198	3.47371613368377
54	1.42887724093166	0.342419542416101	2.65272733797519	2.31030779555909	1.52699333862068	0.00381759920792848	3.53270770670089	3.52889010749296	2.86873904041331	1.29851254891502	5.03525649211332	3.7367439431983
47	1.97392751753981	0.759811505320827	3.61123922122442	2.85142771590359	1.77107935968248	0.0511329130664266	3.52539034695564	3.47425743388921	3.83778347014315	1.95627024053683	6.19750536710204	4.24123512656521
106	2.32096475420632	0.965423758209962	3.45534550259855	2.48992174438859	1.39982225008802	0.0375155861839009	3.40595660053562	3.36844101435172	3.78938522708968	2.10934434045758	5.75878541121203	3.64944107075445
55	2.76870544409728	1.38327988212227	4.30639908934736	2.92311920722509	0.589478196442583	-1.45734493202676	2.35482628383471	3.81217121586147	3.44263648136232	1.63653992277722	5.39209100484612	3.75555108206891
78	1.27369718808251	0.199211962561075	2.76206829040805	2.56285632784697	1.83544431601146	0.255134456459369	3.4596810766495	3.20454662019013	3.19303322485729	1.27524349926519	5.2281831637379	3.95293966447271
43	3.38950103169038	2.14382200924457	4.9073104607491	2.76348845150453	2.08448296290081	0.491610532263098	4.06941730783302	3.57780677556992	5.42674210389014	3.71026421739842	7.5304688286093	3.82020461121087
103	1.34144672808691	0.383449759353384	2.72601547728637	2.34256571793299	0.478476936616503	-1.94362380249636	2.57966953027039	4.52329333276674	1.8921626348719	-0.191289856190918	3.80612091513496	3.99741077132588
88	2.49355924856592	1.42755698113651	3.81703967504715	2.38948269391064	1.72360706124592	-0.212004613425311	3.88423599888468	4.09624061230999	4.24864098097245	2.32493564254665	6.17968927384755	3.85475363130089
74	1.74187492564665	0.330401482818714	3.06671059085632	2.7363091080376	2.26182285136809	0.629670250715327	3.91556218012068	3.28589192940535	3.98844859496738	2.35528919760102	5.91975073474187	3.56446153714085
73	1.23239302037443	-0.0414728577948258	2.54957371562828	2.59104657342311	1.53935963108812	-0.243129078285704	3.05675048160952	3.29987955989522	2.79559454492595	0.569036134257477	4.51629948935029	3.94726335509282
83	1.29545348046215	0.205494847643919	2.39369370778049	2.18819886013657	1.38266399861832	-0.763596928902523	3.51351479385007	4.27711172275259	2.68875583945121	0.477434407465847	4.64544761542175	4.16801320795591
57	2.4204854078155	1.15629755301486	3.74921415479217	2.59291660177731	1.63836665710694	-0.132554873733501	3.59168684721067	3.72424172094417	4.03875798237543	2.11553998897692	6.01897271953575	3.90343273055883
60	2.34732651208078	1.35116314637508	3.74853247819908	2.397369331824	2.27202110096502	0.38983291459417	4.11404609005094	3.72421317545677	4.67383964042913	2.95244110197005	6.53306707386328	3.58062597189323
58	1.24097837439919	-0.0943838455635954	2.56047844562944	2.65486229119303	2.24643619641466	0.49260371044996	3.88115614942844	3.38855243897848	3.4163780556005	1.71211093600716	5.40112997000865	3.68901903400149
75	2.51936544837332	1.41379351027341	4.16971757349382	2.75592406322041	0.70835863529008	-1.23557976562375	2.33806682683337	3.57364659245713	3.40683218216278	1.22997635441836	5.09432955491665	3.8643532004983
63	1.81960663370989	0.641001861577563	3.22946864495342	2.58846678337586	2.41236166071648	0.854085383654734	4.03334820220643	3.17926281855169	4.22975966966094	2.47822874975043	6.00769808233866	3.52946933258822
56	1.85690411164207	0.63860730776717	3.24563716734874	2.60702985958157	1.44721311603858	-0.0944660488283933	3.24438583755115	3.33885188637955	3.21038318189215	1.58645628152425	5.35995110308635	3.7734948215621
61	2.75813110335135	1.05661987314426	4.09677689690203	3.04015702375777	1.78878597040616	0.0388522493705139	3.51420894336692	3.47535669399641	4.45907945214692	2.81163824364501	6.4040668552262	3.5924286115812
65	1.22201621539653	-0.0928671578349948	2.55335263909342	2.64621979692841	1.94713158279368	0.730987775741014	3.83048128694485	3.09949351120384	3.22568128300659	1.69684224108663	5.23235393946648	3.53551169837985
86	1.56694736104377	0.284876959864897	3.02995869003448	2.74508173016959	2.47700724139398	0.777541293185011	3.86815668306216	3.09061538987714	4.04307211449077	2.08231677691258	5.59590452816103	3.51358775124846
90	1.34232517737065	-0.0561114840846647	3.1761527601143	3.23226424419896	2.64355761651009	1.14362553781899	4.40386169586267	3.26023615804368	4.1529481435179	2.16413539507986	5.67429274484974	3.51015734976988
41	1.14399870393674	-0.457343168608399	2.59769889713452	3.05504206574292	2.81264010686756	1.20301405529683	5.2885350926828	4.08552103738597	3.96317783727806	2.22307285334162	7.05620424691032	4.83313139356871
68	2.03856475912414	0.539503568402213	3.52715387567976	2.98765030727754	3.44204557244068	1.39746907036588	5.60206503753372	4.20459596716784	5.45995689396969	3.65808559548383	7.58250365693358	3.92441806144974
91	1.53610108908739	0.236519830541156	2.89304392702165	2.6565240964805	2.44354367682139	0.769241153026017	3.90565084979622	3.13640969677021	3.89155922088123	2.32621464323039	5.68224209252472	3.35602744929434
96	2.71778975565573	1.48622795134569	3.94904163915707	2.46281368781138	2.35848460625641	0.544247801426898	4.12301409973907	3.57876629831217	5.05596984043617	2.87648367949329	7.1156956983582	4.23921201886491
93	1.50410061124428	0.187840737889594	2.84534619872708	2.65750546083748	1.75895544764075	0.0298603521590964	3.69261247446035	3.66275212230125	3.30909352543935	1.23772258162041	5.26368457462052	4.02596199300011
94	2.62567265049367	1.15083493792855	4.16750534303275	3.0166704051042	1.67511161933416	-0.0419049177743794	3.4073796898	3.44928460757438	4.24825526819444	2.48656313929051	5.93936654457998	3.45280340528947
100	0.658857105676074	-0.505823281645036	1.96615351419354	2.47197679583858	2.51485192038197	0.942697515253922	4.36556020935527	3.42286269410135	3.28271476731848	1.41141350425335	5.28364835614546	3.87223485189211
62	1.33045789127831	0.312955609085509	2.55741304149217	2.24445743240666	1.01012592172162	-0.765240420176997	2.7558501967317	3.5210906169087	2.27488920912341	0.615783982069379	4.07259029820003	3.45680631613066
128	2.7113904523452	1.61423944445768	4.18540326223083	2.57116381777315	1.04964488566668	-0.380999198655955	3.04856909571675	3.4295682943727	3.63652616526921	2.35922233688068	5.771633744139	3.41241140725832
46	1.30696805347715	-0.0142293338459886	2.64094727340761	2.65517660725359	2.3219008558371	0.636142701628511	3.84260979556393	3.20646709393542	3.64905232045669	1.74554758754966	5.46998968802109	3.72444210047143
64	1.91813041862115	0.398600219976698	3.17747659455	2.7788763745733	1.6863436980714	-0.157366602664625	3.24749149642214	3.40485809908677	3.63468256811269	1.89691411104764	5.07721885939783	3.18030474835019
109	1.90530035040642	0.239709756977216	3.35732169616291	3.11761193918569	2.33851176203951	0.410785470709684	4.02716862498497	3.61638315427529	4.30071601747925	2.22743977672679	6.13788938301497	3.91044960628818
82	2.2576543853553	0.957683896085357	3.64286892987152	2.68518503378616	2.2367479547504	0.319315332552307	3.96369209061066	3.64437675805836	4.4615209626666	2.68110309618872	6.41227840770579	3.73117531151706
84	1.3968448361143	-0.0570818049517792	2.70569552178153	2.76277732673331	2.92754197141323	1.24810022171891	4.16482295790317	2.91672273618426	4.20060396279228	2.72039943060334	6.12210641435201	3.40170698374867
85	2.48680466813652	1.37810725275574	4.21029325499224	2.83218600223651	2.43123072927569	0.891034023207454	4.2104485839239	3.31941456071645	5.03796272823671	3.3250895331115	7.01320681096823	3.68811727785673
107	1.80522539352088	0.356592207188353	3.2243810314514	2.86778882426305	0.889476318552649	-1.08519029143691	2.74734415272383	3.83253444416074	2.68947455284621	0.454816184207191	4.66604019025758	4.21122400605039
97	2.35310538620041	1.01335963299519	4.06285278309412	3.04949315009893	0.793178838027349	-1.26072638577641	2.34534703791124	3.60607342368764	3.15546585453476	1.166772959356	5.22691259223179	4.06013963287579
71	2.32161568437027	0.825347354490494	3.92136058834485	3.09601323385435	2.25691035898462	0.173594495121886	4.33420708997804	4.16061259485615	4.55970160465335	2.59920294967217	6.37612049500168	3.77691754532951
119	2.3558918883565	0.855644126382915	4.0028719586251	3.14722783224219	1.26499403848286	-0.59347843935347	3.58899927709447	4.18247771644794	3.65676314437796	1.16893329976502	5.78821925493779	4.61928595517277
95	2.32790492593067	0.609818658646485	4.1133011502964	3.50348249164992	2.15361556388692	0.174631498353937	4.19469126556761	4.02005976721367	4.50667605104939	2.49770165190287	6.32965509556116	3.83195344365829
101	1.09532701155902	-0.198136111023606	2.69544852709246	2.89358463811607	0.760033760657848	-0.851087120155675	2.54034987106225	3.39143699121793	1.90209691749688	0.0709266738584751	3.88188937454657	3.8109627006881
69	2.5827474573368	0.982250961500084	4.01381278072567	3.03156181922559	2.86478268600019	1.28794454646386	4.41837655425793	3.13043200779407	5.37912090145426	3.43949355649419	7.12948206518827	3.68998850869409
132	2.76461451917401	1.3174164153723	4.26296703214166	2.94555061676936	1.22109314072855	-0.322179828177053	2.97520377908308	3.29738360726014	3.99591815347262	2.03528361652935	5.50642384126768	3.47114022473833
108	2.21095582583851	0.667086535810014	3.30639113659366	2.63930460078364	1.74375193284949	0.0958113595788466	3.23057532354324	3.13476396396439	3.91984151843485	2.39838092299799	5.66573203568054	3.26735111268255
102	1.97027853889246	0.517018561343824	3.19039870473808	2.67338014339426	2.1699530259501	0.905875104732023	3.92188140205637	3.01600629732435	4.01526306340289	2.32309493805839	6.03625257096402	3.71315763290563
67	1.54070439214776	0.474236697940229	2.77526018629406	2.30102348835383	0.99743372804301	-0.477364935499481	2.74661396249774	3.22397889799722	2.51165474310469	0.918358058326536	4.28384960016863	3.36549154184209
124	2.12764013416623	0.236161059146908	3.89677586809067	3.66061480894376	2.00907707763162	-0.0773791528745132	3.89430834122066	3.97168749409517	4.15194872828323	2.46821718792237	5.92036586653268	3.45214867861031
99	1.62005083515906	0.235733719476184	3.02512108954901	2.78938737007283	0.468563095054792	-1.11447223947812	2.14814258609826	3.26261482557638	2.05357858917193	0.150327872911223	3.55087638820191	3.40054851529069
79	1.82031608420551	0.585426027243286	3.44020615770616	2.85478013046287	0.386717956861745	-1.25157726609068	1.8097045230911	3.06128178918178	2.28760943869279	0.407523612052982	3.98181050975095	3.57428689769797
92	1.86363928164318	0.186962209982173	2.93360525699025	2.74664304700807	2.05987941157935	0.396893155171818	3.77697996691683	3.38008681174501	3.87305742366133	2.28774615296387	5.61125997571823	3.32351382275436
80	2.07780158088096	0.933272038059916	3.47986595586233	2.54659391780241	2.68064358497278	1.06172722675245	4.33641543720794	3.27468821045548	4.71467328594307	3.05096864498411	6.46447171758764	3.41350307260353
89	2.22028863466138	1.02790270328124	3.46139106907019	2.43348836578895	1.43014438799315	-0.261518868298526	3.09232083684628	3.3538397051448	3.55076650372553	1.92068614858416	5.1668734031643	3.24618725458014
126	1.31849891180561	-0.0928609545726751	2.60839627970085	2.70125723427352	1.23953197777638	-0.351187137978165	2.80311301024491	3.15430014822307	2.55284068610355	1.04641953064099	4.10652054625183	3.06010101561084
98	0.598427876571804	-0.719324065633396	1.98495943988396	2.70428350551736	2.67864936132271	1.31819144835098	4.24835151892799	2.93016007057701	3.28324479254605	1.24728909253408	4.9600759253087	3.71278683277462
115	1.88547108511409	0.598332371664137	3.1924704293207	2.59413805765657	3.02640380357452	1.47624034205822	4.85718292769982	3.3809425856416	4.92217066036328	3.45239706990754	6.65182749158735	3.19943042167981
59	1.96452912956868	0.457332117587548	3.78590244407961	3.32857032649206	1.41932578613338	-0.732464515567912	3.42494716452943	4.15741168009734	3.40344872172937	1.71445716273943	5.15344231159514	3.43898514885571
81	2.9831245123636	1.66135017017301	4.6038614964486	2.94251132627559	1.67871056023574	0.0427010848196615	3.40267006047259	3.35996897565293	4.66736697132067	2.9751753927062	6.66242322031003	3.68724782760382
148	2.58372738376397	1.1000594333775	3.87720091913888	2.77714148576138	2.05322299341211	0.108482504024218	3.51258457468134	3.40410207065712	4.64079938976537	2.59181190603946	6.2508752868287	3.65906338078924
147	2.00656683535952	1.04164042148345	3.20045316281248	2.15881274132903	2.23882740954372	0.030831197215668	4.53739096359195	4.50655976637628	4.29697711560272	2.47220737444093	6.26980740289598	3.79760002845505
70	1.0066669234843	-0.201165639688302	2.21770936111132	2.41887500079962	1.68839487144027	-0.00651496682137237	3.26540333309194	3.27191829991331	2.6707149874741	0.592108870680374	4.52925576228807	3.9371468916077
122	2.47516652246163	1.17197946696284	4.0894395318792	2.91746006491635	2.08521964608104	0.36481745210246	3.73985965110429	3.37504219900183	4.68310141206101	2.94904160543423	6.15799109946107	3.20894949402684
105	1.56817111903624	0.540062049543278	3.18212367799988	2.64206162845661	0.917977795944186	-1.01737023699616	2.49202068191167	3.50939091890783	2.44477113981278	0.427067250360702	4.631374489766	4.2043072394053
123	3.13495768025664	1.4907103150065	4.95501987300686	3.46430955800037	0.381950936014081	-1.27424877446876	2.22244881928077	3.49669759374954	3.57624350921198	1.63738822669748	5.32777564182755	3.69038741513008
116	2.4776213242456	1.11775440794724	4.13787395552063	3.0201195475734	0.80355469452268	-0.69297231249982	2.32822890944932	3.02120122194914	3.28327323097321	1.69911791937941	4.71942649589201	3.0203085765126
114	1.26880563497275	-0.0156690867122829	2.37044464973996	2.38611373645224	1.01921903549307	-0.543598840950923	2.63433318747785	3.17793202842878	2.27158720150596	0.470652790592518	4.12729596115088	3.65664317055836
127	2.06043679810271	0.623604806462861	3.36983475775606	2.7462299512932	1.94380063077847	0.346728857571622	3.69354302252764	3.34681416495601	4.06173885624762	1.79465428386435	5.86046168381535	4.06580739995099
87	1.42324786443419	-0.181766078042644	2.87423506963687	3.05600114767951	2.3210917452491	0.327319314012361	3.90255899378017	3.57523967976781	3.76569137222732	1.90619980728576	5.52770849008632	3.62150868280057
129	1.60667441072081	0.329616504173256	3.05603256957645	2.72641606540319	1.34707648456221	-0.232910567016384	2.97442744441816	3.20733801143454	2.92159497826457	1.56046862941736	4.72455981567523	3.16409118625787
110	2.18705291957475	0.465318662212021	3.86064477697826	3.39532611476624	2.12547639962563	0.220232055423771	3.77787859761092	3.55764654218715	4.18709733454418	2.63342762794595	5.89324190619754	3.25981427825159
121	2.38832663554296	0.94301169412585	3.71236652029003	2.76935482616418	0.881680222140917	-0.754851690075321	2.6171445342634	3.37199622433872	3.19261319779551	1.40877606801292	4.98397411729466	3.57519804928173
112	2.30794019595634	1.03378193807239	3.55639570476412	2.52261376669172	0.338033945966291	-1.20772540853382	1.90642895953283	3.11415436806665	2.67143303938773	0.8752019115826	4.5098386927053	3.6346367811227
111	2.35495959162428	0.723813412074582	4.08971279593124	3.36589938385666	1.21257855394324	-0.645885982367303	2.96125437062021	3.60714035298751	3.53470525645883	1.95985489922344	5.51504096693325	3.55518606770981
120	1.20959105731712	-0.174209381898265	2.79984946290814	2.9740588448064	2.49707391007342	1.2824728179297	4.50362441500522	3.22115159707553	3.80103029984937	2.19974619714389	5.58577458966224	3.38602839251835
113	2.70617683154076	1.35547360437548	4.08563874502003	2.73016514064456	2.79168989637884	1.06863857896183	4.8837621081191	3.81512352915727	5.60906090349895	3.55571898652641	7.71816627643852	4.16244728991211
117	0.886123392074136	-0.571191027332208	2.21111879494838	2.78230982228058	2.75707099227292	0.916362894359841	4.59644377736728	3.68008088300743	3.74449722036491	1.7020855433892	5.49124350321595	3.78915795982675
146	3.14659910115999	1.67333926778725	4.76510419611892	3.09176492833167	1.8148795841382	0.2235538506029	3.44792244151531	3.22436859091241	4.99617491323539	3.02861597895023	6.66700744042948	3.63839146147924
137	1.40195382037916	0.0562419073927747	3.13212212876081	3.07588022136804	1.99353410248643	0.236863518903287	3.68571104573202	3.44884752682873	3.45101990206012	1.78540508405596	5.23887556626446	3.4534704822085
131	1.90564745492357	0.554686155168032	3.11970863134845	2.56502247618042	2.40489971312843	0.662797318568281	4.03653408561626	3.37373676704798	4.24881732341372	2.44568909294633	6.17305765774265	3.72736856479633
144	3.4658402781405	2.03491446454605	4.71484249512183	2.67992803057579	2.17263329947863	-0.000759989895394291	4.61090721468994	4.61166720458533	5.52924780058896	3.83141868131763	7.45932858305016	3.62790990173254
139	0.984386789616419	0.00621451001047228	2.18765660346784	2.18144209345737	3.31315411845314	1.19167019969016	4.97683826685277	3.78516806716261	4.28971554116769	2.44979748115149	5.81319071994466	3.36339323879317
130	1.7440816045697	0.756888874025428	2.90453812912774	2.14764925510231	1.05707080094698	-0.932304327050521	2.94473125964631	3.87703558669683	2.86837919838423	1.046395289085	4.59492469205481	3.54852940296981
185	0.906679853504129	-0.350208197131947	2.33769756588042	2.68790576301237	1.16554414431537	-0.857575996382861	3.36362785716875	4.22120385355161	2.14875824573668	0.360032145679135	3.77124910510869	3.41121695942955
118	2.28912788392163	0.786343790888243	3.78304471283155	2.99670092194331	1.97424530269416	0.596025235388722	3.6392922640584	3.04326702866967	4.25354344728522	2.7311067919289	6.19799012118375	3.46688332925486
133	2.16615822242984	0.717601451431636	3.74273254155309	3.02513109012146	1.56489065628423	-0.159591861026099	3.57092866385086	3.73052052487696	3.73712593365688	1.98629604897742	5.58654661717238	3.60025056819496
152	2.10910723214841	0.851941464032901	3.42492849973407	2.57298703570117	3.18891689499214	1.57789909470104	4.61981966067311	3.04192056597206	5.20008910749972	3.61976284889307	6.80729676966188	3.1875339207688
140	2.49469729836263	1.07911879245967	3.95100705843234	2.87188826597267	0.12405000611413	-1.45421266974542	1.67935030575846	3.13356297550387	2.68405384139212	0.956510815878471	4.1976507381862	3.24113992230773
142	1.03196318278183	-0.122922610067345	2.63670409956922	2.75962670963657	2.19428868779565	0.646696535742867	3.89692369093044	3.25022715518758	3.17617804434026	1.64264808661019	4.97834003534164	3.33569194873145
149	1.7768757146328	0.39056001229339	3.18019794441098	2.78963793211759	1.59476165321286	-0.0229732143266843	3.15114612788851	3.17411934221519	3.38732958654355	1.49921644337183	5.39088279391966	3.89166635054783
171	1.40044887704428	0.246325608369716	2.50410812019669	2.25778251182698	1.74633598693481	-0.23237297578696	4.14135141705438	4.37372439284134	3.21433035342395	1.22869195553728	5.23181479402848	4.00312283849121
143	2.4782403528114	1.30232517666721	3.84831471181946	2.54598953515225	2.63212269747476	0.972458980925344	4.75835248058241	3.78589349965707	5.06963541361356	3.29864152375996	7.33250739857941	4.03386587481945
134	1.61859003867073	0.301802055909324	2.83293991047246	2.53113785456314	2.45225372865039	0.810225850617804	4.2574827039443	3.4472568533265	4.06117904445334	2.22189945074033	6.06529740093035	3.84339795019002
186	1.77754975040223	0.732453584571149	3.09154805198429	2.35909446741314	0.224954449657913	-2.06761395524834	2.04111330027391	4.10872725552224	1.94601390334416	-0.11960668821628	3.57531385507353	3.69492054328981
156	0.83396635317851	-0.496554727487522	2.26368119729922	2.76023592478674	2.30815767512385	0.772210778483372	4.2016296866583	3.42941890817493	3.25987737084086	1.38715913813533	5.05806071891802	3.67090158078269
181	1.04413648334635	-0.136071408175198	2.25605490966396	2.39212631783916	3.59254522708638	1.53453014110183	5.93283802317132	4.39830788206949	4.67267580727242	2.70588964580369	6.67563904474843	3.96974939894473
158	3.02103232778576	1.62166162240367	4.52273054051755	2.90106891811388	0.834600044562978	-0.810265380787603	2.85851508095254	3.66878046174014	3.89881863764271	2.17192919130858	5.80077924472351	3.62885005341493
174	2.55393968631255	1.32264476345916	3.81152312455226	2.4888783610931	1.08260995927506	-0.490824990090201	2.88788547802266	3.37871046811286	3.65843661724852	1.74271261826672	5.09241260544225	3.34969998717554
125	1.62430984729283	0.0126810234726817	3.15511885755143	3.14243783407875	1.66715105975862	0.0642071915318006	3.58137283233073	3.51716564079893	3.38267860924398	1.45233202440851	5.28669334115539	3.83436131674688
159	1.18637893292512	-0.202497348785589	2.99105537415571	3.1935527229413	2.03126503455437	0.452774956805297	3.66375750453038	3.21098254772508	3.29074557973319	1.3923688003727	4.878935975038	3.48656717466531
141	2.07646660370705	0.834513906715943	3.44349509046436	2.60898118374842	0.440904501417857	-1.28573732158397	1.83241698550218	3.11815430708615	2.42910904905495	0.426870110147925	4.15432338387899	3.72745327373107
168	2.88878320187877	1.63722975153532	4.32993914127656	2.69270938974124	1.23565107212774	-0.383098189960638	3.08791075561556	3.4710089455762	4.09376499940652	2.43550607467884	6.15420214359598	3.71869606891715
179	2.64518954616284	1.35112232986749	4.27544358073406	2.92432125086658	0.0157401176190397	-2.18897084305564	1.4837461961378	3.67271703919344	2.58026960682503	0.864524480337481	4.46559251613144	3.60106803579396
169	2.83212986653059	1.28336614604667	4.69340755529697	3.4100414092503	1.73140391628224	-0.268063894595598	3.67256924568295	3.94063314027855	4.6049162008844	2.48410660064539	6.85702863188597	4.37292203124058
136	1.86540920477086	0.850909354788052	3.41224949241707	2.56134013762902	2.69924580131847	1.08321423437153	4.48022093806654	3.39700670369501	4.59599249509592	3.04662102930557	6.5100053146407	3.46338428533513
157	2.66927979543189	1.2034406130613	3.97582130687331	2.77238069381201	0.74568192737471	-1.26886019907894	2.21172712496216	3.48058732404111	3.34390343490452	1.51288304740079	5.52753254878708	4.01464950138629
151	1.05712818724803	-0.243622460179488	2.25981610965531	2.5034385698348	0.388121185209261	-1.16415536685996	2.00927500907054	3.1734303759305	1.34408087133401	-0.619017698889623	2.87583153540477	3.49484923429439
208	2.23353448092477	1.14936712254881	3.50557036840676	2.35620324585796	0.341584253906667	-1.80008498963566	2.27761809617653	4.07770308581218	2.65798902507267	0.662954122179748	4.09127431661578	3.42832019443604
175	1.77511186383391	0.406573115237059	3.10998625169414	2.70341313645709	2.4994938636616	0.819032514481619	4.37730975170684	3.55827723722522	4.23764737349546	2.39571476263976	6.17801000283434	3.78229524019459
173	1.46214106701601	0.114905602558136	3.01101893718912	2.89611333463098	2.00002538871538	0.328757161106776	3.7763139101251	3.44755674901832	3.50786654507309	1.619551215561	5.39941421344632	3.77986299788532
190	2.35790276827352	1.14227705368672	3.51794351137372	2.375666457687	0.39690119974231	-1.57108993409772	2.92127879786283	4.49236873196055	2.72949231193217	0.722147846495311	4.76649803502261	4.0443501885273
215	2.10984132711118	0.653804927588535	3.55365262086335	2.89984769327481	1.26181513821086	-0.386824946066771	2.96079184665519	3.34761679272196	3.33039599683633	1.92316341103944	5.36634945253671	3.44318604149727
194	2.45388086667017	0.999371809296967	3.93646541758346	2.93709360828649	1.45152779660438	-0.645693163095647	3.57967815656179	4.22537131965743	3.99771635304689	1.97393496577389	5.98707260432535	4.01313763855146
198	1.43996928449496	0.359083782545818	2.47914680518895	2.12006302264313	2.37566682460823	0.270630755577901	4.05921432343941	3.78858356786151	3.82449442911734	2.0263572213626	5.22570636703537	3.19934914567277
189	2.39115868873847	1.17814594353398	4.00298734271992	2.82484139918593	0.332222462661408	-1.2352715086315	2.15088748499705	3.38615899362855	2.84274369905952	1.03742235226496	4.54661021689163	3.50918786462666
172	1.06322847750835	-0.167181572931755	2.42715757977256	2.59433915270432	2.31746119593101	0.551590822140176	3.80745051741822	3.25585969527804	3.40232844022021	1.44155200382259	5.03916965813268	3.59761765431009
138	2.25604126680129	1.0261864331724	3.48386490323825	2.45767847006585	2.36264997089612	0.872620444644349	3.83558268048215	2.9629622358378	4.70044702210217	2.79746749393912	6.2402940169961	3.44282652305698
182	2.24361405815725	0.896641186047178	3.78008851544232	2.88344732939514	1.21133756236288	-0.234234549865505	2.75360520785725	2.98783975772275	3.46397320331402	1.99130167246478	4.95933106896843	2.96802939650364
202	0.921034727205793	-0.584694577216336	2.54749570355991	3.13219028077624	1.3704631383563	-0.92175211512997	3.10930523945892	4.03105735458889	2.27636073236438	0.489479904512484	4.23743752489182	3.74795762037934
216	1.80096893719444	0.577513850654381	2.96008676123779	2.3825729105834	0.619073731436327	-1.12937888323462	2.8243693741285	3.95374825736311	2.35427989713001	0.380839083216577	4.71208795076379	4.33124886754721
180	2.11069480789886	0.724304909820276	3.50657961284737	2.7822747030271	1.23583374519403	-0.434596521394997	3.22056103646607	3.65515755786107	3.34869468517086	1.60339892147419	5.3530109470926	3.74961202561841
177	2.41243735540295	0.989422399331565	3.75209510064003	2.76267270130846	2.38826982435824	0.500209092422213	3.87200151394064	3.37179242151842	4.69027955099435	3.11888340981303	6.34916033997385	3.23027693016082
188	1.21338007740888	-0.293731329594543	2.38634330802214	2.68007463761669	2.11869216459093	0.51537747281924	3.55158110323847	3.03620363041923	3.32374714405927	1.57864733523979	4.81266063400924	3.23401329876945
214	0.840723563458529	-0.492817790753199	2.19681479986929	2.68963259062249	2.03718161845522	0.387218742446367	3.49608708133805	3.10886833889169	2.85578882452561	1.24664393632196	4.50979432160544	3.26315038528348
213	1.90935223120415	0.514774648178659	3.21301658120142	2.69824193302276	2.67108835130961	1.07249348302511	4.5272793632083	3.4547858801832	4.55890303080207	2.81301133796064	6.56835921679388	3.75534787883324
155	0.920204920616961	-0.205331904160936	2.53752663149833	2.74285853565927	1.72953013982376	-0.108367656879077	3.32891272889666	3.43728038577574	2.69540010132479	0.683240547519343	4.47488156281899	3.79164101529965
232	1.43232272845966	0.389726232397358	2.61302503546141	2.22329880306406	2.46818904794461	0.544879440648987	4.5590529578973	4.01417351724831	3.92787755573049	1.97934764464551	5.71820399907482	3.73885635442932
170	2.95952668378188	1.85225311486812	4.30164093247749	2.44938781760937	0.811119798724829	-0.788803445404542	2.54142211365633	3.33022555906087	3.77882113703777	2.25621395339844	5.54923787757296	3.29302392417452
183	1.8359401265702	0.247359427892041	3.20026009570791	2.95290066781587	1.74318308437964	0.21686546749724	3.60074161620713	3.38387614870989	3.51115281258563	1.39972891130742	5.66113452658273	4.2614056152753
191	1.62689932081505	0.465570004893177	3.1713600899119	2.70579008501872	1.83811526882844	0.0293943255340867	3.37436646011345	3.34497213457936	3.4577150100359	1.57326764345429	5.37257997845006	3.79931233499577
205	1.49211426567116	0.455761072722322	2.54178260471168	2.08602153198936	2.78917089800701	1.23178601470781	4.20320851151951	2.9714224968117	4.26158153567816	2.26886223826562	6.13498645525193	3.86612421698631
210	1.75758415228094	0.318718429992948	3.29680476630069	2.97808633630774	0.574540459880952	-0.991778239761349	2.4220611042235	3.41383934398484	2.49814068841884	0.934570537311159	3.95299118420438	3.01842064689322
187	1.68608234526105	0.569275093330268	3.35443725643771	2.78516216310744	1.82510160598405	-0.193431374146817	3.5842620467155	3.77769342086232	3.52404056632991	1.37383200898414	5.23734858516181	3.86351657617767
178	1.8775812204637	0.378671656385333	3.32694060723751	2.94826895085217	1.99607893587319	0.330349212681332	3.7086537932967	3.37830458061537	3.774865938563	2.20017196721317	5.90370394759068	3.70353198037751
195	3.24712226084446	1.77555894698712	4.98272966638405	3.20717071939693	1.28035437368807	-0.457777361342348	2.92674579947536	3.38452316081771	4.43709386179389	2.89050721532352	6.49733667294218	3.60682945761866
211	2.6417506957456	0.966311715692105	3.94137830600421	2.9750665903121	0.694147412205216	-0.980315584526506	2.26461036111094	3.24492594563745	3.2037663475139	1.43274987221981	5.40353668967967	3.97078681745986
145	1.16635728802644	-0.373708488113181	2.52375898558976	2.89746747370294	1.58333028606985	-0.249073778587149	3.29675654481108	3.54583032339823	2.67092291856845	0.966730908972596	4.22756729688091	3.26083638790831
207	1.4948681649702	0.292542626246355	2.74748168656912	2.45493906032276	2.48669914280934	0.908834598180426	4.28675143893784	3.37791684075741	4.01419422073431	2.31255608429523	5.80553685382343	3.49298076952819
212	1.90898684692575	0.879874149960335	3.1047733221724	2.22489917221206	2.44344856456483	0.693838275164223	3.98580609239583	3.29196781723161	4.33392228323876	2.74085299489643	6.03047679684336	3.28962380194694
222	2.27932879423107	0.946346231137312	3.5578851371924	2.61153890605509	2.02417322238393	0.14236876861337	3.80558731362075	3.66321854500738	4.2757972006736	2.28687783275699	6.00097706652639	3.71409923376941
199	2.65045802207212	1.42922213725079	4.1465235981241	2.71730146087331	1.52050355626825	-0.184709919456522	3.29429089405976	3.47900081351628	4.24328333432007	2.01711133580381	5.90730777023376	3.89019643442995
223	1.76440206140095	0.542584426861877	3.04602533705968	2.5034409101978	1.13803898842841	-0.321385812507202	2.50218796651421	2.82357377902141	2.88027945556913	1.21004437087532	4.38999723546958	3.17995286459427
201	2.26077909596012	0.947331793592515	3.73088983067827	2.78355803708575	0.816274687409731	-0.804737140096037	2.53397776335617	3.33871490345221	3.12439897039872	1.19434938589221	4.87862093179942	3.68427154590721
206	1.44254355934497	0.0078331568423405	3.27736977987468	3.26953662303234	1.38047666213315	-0.563625616067787	2.79811247657454	3.36173809264233	2.78530813709867	0.974428402044527	4.92078143001206	3.94635302796754
228	2.59865758271982	1.45789779326391	3.88971041102397	2.43181261776005	1.21318674244052	-1.26751984784092	3.48570216628804	4.75322201412896	3.7132242739629	1.78565004660474	5.65150502221728	3.86585497561254
184	1.70352287913685	0.541886732951455	3.13989999245325	2.59801325950179	0.543777275312625	-1.14834354795666	2.17449116150215	3.32283470945881	2.27062911453302	0.567355457091351	4.28434452328965	3.7169890661983
209	2.29747640436777	1.13417996371532	3.62951769738365	2.49533773366833	1.79377767103295	0.518011805985742	3.37671108717452	2.85869928118878	4.15946142275807	2.50250951679328	5.82605070947814	3.32354119268486
217	1.65548458584899	0.251141111788545	3.11718602570637	2.86604491391782	1.24975178711934	-0.663526290246553	2.73989413981452	3.40342043006107	2.83778358624682	1.08605414716122	4.34444057336596	3.25838642620474
220	1.60364422041723	0.286615775896404	2.91768537559307	2.63106959969667	2.13850311721265	0.448908147190983	4.15888329724565	3.70997515005467	3.79601373516171	2.0265496813722	5.75908221888225	3.73253253751005
225	1.78916819442441	0.506539396679712	3.224264828381	2.71772543170129	2.41820434893905	0.672819484902003	4.29890175408571	3.6260822691837	4.24180705092576	2.60059504558839	6.40547189212558	3.80487684653719
219	1.50719880238943	0.20160160828576	2.63826008319272	2.43665847490696	2.95220315555391	1.33289280725909	4.85692221512359	3.52402940786449	4.3890214997277	2.46543179481944	6.38820464122604	3.9227728464066
230	2.32782700671769	0.624392442210485	3.56004362229203	2.93565118008154	1.55686196946748	-0.194049015032514	3.22087449712382	3.41492351215634	3.78497977556017	1.78554437065961	5.80004781696491	4.01450344630529
226	1.9495039564565	0.703938081029167	3.23918279679478	2.53524471576562	1.84868464949073	0.306818703722016	3.80070910429757	3.49389040057555	3.81410695748972	2.09643207557238	5.8056284055585	3.70919632998612
237	1.1407727503531	-0.342677730980575	2.53012597811952	2.8728037091001	1.51758496851042	-0.45693750706046	2.88614119939909	3.34307870645955	2.58046324317739	0.699998080286034	4.32811734822102	3.62811926793499
233	0.685829293418299	-0.494607040582028	2.10760285066231	2.60220989124433	4.16752576518568	2.64379719395164	5.81104324668156	3.16724605272992	4.77015482218005	3.05593726108919	6.7139342066502	3.65799694556102
197	2.79856434256981	1.54564517112851	4.40925312939991	2.8636079582714	1.00835752569629	-0.811938245164459	2.72040927687073	3.53234752203519	3.81773172687782	1.40850984930599	5.55177963962092	4.14326979031493
221	2.72062411545891	1.33067366855052	3.91477953122559	2.58410586267507	2.22032279773321	0.891746449869988	4.13674859161915	3.24500214174916	5.00118354312473	3.21357198313677	6.73044216009303	3.51687017695626
203	1.90342892816556	0.618235791387991	3.30148574692984	2.68324995554185	1.14295823905149	-0.613502238164912	2.62070306610398	3.23420530426889	3.0683105431307	1.35772350153611	4.66474806639514	3.30702456485903
274	2.82425539262913	1.49069318576658	4.19156585206202	2.70087266629544	1.18616170932675	-0.711985178146397	3.52504616806021	4.23703134620661	4.18584837315271	2.51281494334085	6.11542481179281	3.60260986845196
252	2.3837440669127	1.32935129866596	3.63339315777427	2.30404185910832	1.62550408666791	0.0325892314436917	3.09975121558205	3.06716198413835	4.0110521349735	2.36023994011398	6.0032811981301	3.64304125801612
253	1.77087872130267	0.377112940689303	3.05053352857065	2.67342058788135	2.20632601320453	0.351277027158835	3.79571002055935	3.44443299340052	3.96296655888903	2.18925783790882	5.64238796858304	3.45313013067421
245	1.82273489966857	0.528257678809691	2.89453100896359	2.3662733301539	2.56174825269621	1.08951201677253	4.04690685890548	2.95739484213295	4.33606557636266	2.76420213139114	6.02393915980758	3.25973702841644
227	2.65266991153109	1.48938574993093	3.94190057201886	2.45251482208794	2.01132550453108	0.295423407359964	3.51578787217423	3.22036446481426	4.6495046970763	2.86760612582772	6.47611417054938	3.60850804472165
279	0.146613990290709	-0.904249805136574	1.23292316112507	2.13717296626165	2.48064979416983	-0.0890729117426317	4.49259003234553	4.58166294408817	2.69974764474927	0.406031336713369	4.41121821688785	4.00518688017448
263	2.56765035584818	1.11496053935854	3.93308194040388	2.81812140104533	1.41765565789292	-0.384026778393848	3.17587392822208	3.55990070661593	3.93775233592824	1.86795086676647	6.17355688488635	4.30560601811988
231	2.83802422794979	1.36352544446399	4.38494902626498	3.02142358180099	0.827208534477588	-0.836266054384214	2.6391118438048	3.47537789818902	3.67108649940242	1.94020462501537	5.83882136810646	3.8986167430911
239	2.27742875996363	0.919412728879354	3.3841571781198	2.46474444924044	0.0576384611812815	-1.73794020642753	1.72098094903671	3.45892115546424	2.23929669430509	0.531892702365776	3.96066217019482	3.42876946782904
246	2.79021022177512	1.38956684491659	4.34039263025743	2.95082578534084	0.414999457029108	-1.50097092821681	2.00171267348947	3.50268360170628	3.23228123300255	0.99185380509943	5.24056385537712	4.24871005027769
236	2.06599085953957	0.838886952475358	3.56465546251681	2.72576851004145	3.05879416291113	1.37444504403075	4.7491189913826	3.37467394735185	5.20628907452945	3.55130375690374	6.79720556729078	3.24590181038704
248	2.71899439182089	1.35882390309362	4.18387210688246	2.82504820378884	1.17121615206683	-0.348143048823081	2.69501922333738	3.04316227216046	3.9121239069129	2.05813465898153	5.61523350807966	3.55709884909813
238	1.86683558430922	0.357222250251574	3.48723468771046	3.13001243745888	0.91310628391921	-0.813659625121295	2.66699237250867	3.48065199762996	2.74542939431329	0.912622515807237	4.78513516093807	3.87251264513083
224	1.54842049014089	0.112351554519142	2.97440636467526	2.86205481015612	1.75637833906891	0.435953447395355	3.3381599578717	2.90220651047635	3.34985797352151	1.89077025206357	5.07393490845224	3.18316465638867
267	1.41338378474569	-0.0871859073924448	2.87667825799234	2.96386416538479	2.97379258973704	1.25021805201777	4.48528338107545	3.23506532905768	4.45719494228248	2.61780773567412	5.80758255994712	3.189774824273
287	1.53153594742444	0.167014895878266	2.69122275550448	2.52420785962622	0.925670080144513	-0.466360147490796	2.72394592577906	3.19030607326986	2.3841109329163	0.847678967652083	4.62809650557112	3.78041753791904
284	1.54171888719315	0.311902557947724	2.64259593905932	2.3306933811116	2.10847025589074	-0.0475756857663268	3.99992097101439	4.04749665678072	3.60882223937514	1.42129330765418	5.39407249496198	3.9727791873078
285	2.53014641243351	1.37723809722341	3.58678470677709	2.20954660955369	1.64072605146388	-0.362447582829319	3.54885557294205	3.91130315577136	4.13374761701382	2.36573869786976	5.91944180177665	3.55370310390689
241	1.16421021644759	0.336575076808582	2.28591591165152	1.94934083484294	0.602161585521859	-1.48058739234179	3.15278710383065	4.63337449617244	1.79237382745344	-0.433214641038981	3.95409943841969	4.38731407945867
247	1.95974540405292	0.574015010594763	3.4897400125347	2.91572500193993	-0.579589857479743	-2.27302201119695	1.32496728288648	3.59798929408343	1.55160648962769	-0.163177485806742	3.16861403182361	3.33179151763035
250	1.74790097563447	0.611272760530204	3.36766885191624	2.75639609138604	0.733614639129994	-0.851752234549601	2.47816608376373	3.32991831831333	2.47328784026136	0.67536076039578	4.43451314584717	3.75915238545139
256	2.4130587231956	1.09200010114161	3.65910074843449	2.56710064729288	1.22786769698795	-0.253513530146276	3.07597416314587	3.32948769329214	3.59079756543885	1.99403819699583	5.20417546949234	3.21013727249651
229	0.779062579902796	-0.423898363607614	2.04230357728803	2.46620194089564	2.20366534795504	0.528431957555932	3.88388462693114	3.3554526693752	2.92358994574484	1.28043133018111	4.56876881411206	3.28833748393096
234	2.79827739232277	1.51632270693207	4.46727114253991	2.95094843560784	0.701412632809013	-0.949086532578874	2.24999359685098	3.19908012942986	3.4288068025689	1.58991252824289	5.32193394394837	3.73202141570549
272	2.92946453263387	1.6631523401638	4.51377269660255	2.85062035643875	3.57614194781016	1.44307683521542	5.79697124402995	4.35389440881453	6.56767481246204	4.77419554628885	8.4005899436686	3.62639439737976
218	1.52608360091714	0.36752464189445	2.80728013638034	2.43975549448589	1.4029783367649	-0.22063537506519	2.96923822562088	3.18987360068607	3.09792189282882	1.18930870567413	4.67371802767153	3.48440932199739
264	2.13712130067761	0.752592987910556	3.81466368887723	3.06207070096667	2.20037226036295	0.598617732225339	4.14743238737413	3.54881465514879	4.40066735836914	2.65358515264033	5.95626799911418	3.30268284647385
283	1.58559132655851	0.162587944356075	3.05519432031602	2.89260637595994	1.92529342773406	-0.281100784711191	3.48306024678795	3.76416103149914	3.43068087558943	1.75689896689118	5.4352509500471	3.67835198315592
243	1.51961138157185	0.187564477521757	2.78757232961404	2.60000785209228	4.07082866445075	2.62754210955385	5.66107901153074	3.03353690197689	5.67576984917577	3.88264482750276	7.13256757841703	3.24992275091427
271	1.8574388162613	0.484426519903985	3.6541656179958	3.16973909809182	1.75357681142105	-0.627106079582452	3.21630970399016	3.84341578357261	3.64677616219036	1.58361346458687	5.13037967295568	3.54676620836881
249	1.7239732753581	0.0317130891661169	3.4419497905532	3.41023670138708	2.15346181758119	0.07481629528094	3.57510636634252	3.50029007106158	3.76075318469915	2.10232406205092	5.84636152165409	3.74403745960317
240	1.1727433330348	0.183931696375107	2.58488495997648	2.40095326360137	2.78485059918599	0.616342646986038	5.01667945024503	4.400336803259	3.93283289182988	2.23103858625276	5.91256745318513	3.68152886693237
290	1.9861152341089	0.524191566832525	3.67217377211749	3.14798220528496	1.23668015369049	-0.94555136191989	2.82504981143866	3.77060117335855	3.09510024464566	1.39935702080584	5.11759573408884	3.718238713283
289	2.85971312225067	1.35885363775543	4.47389087784806	3.11503724009263	0.73979343442412	-1.05975031552306	2.56899601246591	3.62874632798897	3.7738705888646	1.76817320534064	5.31944657550468	3.55127337016404
251	2.15625854684541	0.682563861634587	3.74727640061517	3.06471253898059	1.26778222746592	-0.520413147635128	2.97455782724202	3.49497097487715	3.45823030771473	1.43401367158185	5.21742486944893	3.78341119786708
269	1.63579305505521	0.248206345243688	3.12826252394892	2.88005617870523	0.495462541867168	-1.17825501280785	1.96647936995474	3.14473438276258	2.1661359196449	0.251139092280078	3.89461748479621	3.64347839251614
265	2.44440705473952	1.12975753823399	3.5792921783132	2.44953464007921	0.860223515787672	-1.33791660661461	2.40010507841345	3.73802168502805	3.36478497164367	1.41254833287695	5.0281976922361	3.61564935935914
288	1.97511393565298	0.633683257291916	3.32442693478941	2.69074367749749	1.97504069013186	0.233553326619068	3.44040618943752	3.20685286281845	3.90280556830884	1.9778044655166	5.20721587389339	3.22941140837679
273	2.85731211666346	1.56002172855971	4.01607346805185	2.45605173949215	1.43216913895853	-0.607986021615801	3.64862168384576	4.25660770546156	4.24123160733726	2.46045520847298	6.25900587198836	3.79855066351538
261	0.716702870957536	-0.627340753214816	2.1183722861844	2.74571303939922	2.90066742873981	1.47776435152308	4.65683116221785	3.17906681069478	3.73517126577688	1.97320207846232	5.4182583147013	3.44505623623898
276	1.19278580106984	-0.197983404443936	2.79418232226641	2.99216572671035	1.08465143778037	-0.482393028865191	2.60693829910667	3.08933132797186	2.28352209971362	0.303101892666532	4.01810268562869	3.71500079296215
268	1.74584125090923	0.329880685625784	3.32514432144558	2.9952636358198	2.08272656608373	0.433368196013083	3.53976104810815	3.10639285209507	3.73679128568722	2.22083701069517	5.57886354468166	3.35802653398648
266	2.42737726167886	0.768655042125953	4.07131451514632	3.30265947302036	0.742313133581287	-1.12380242594064	2.3684100716989	3.49221249763954	3.31452905434455	1.34482644623283	4.83211147166885	3.48728502543602
244	1.79210160664518	0.516837783513125	3.18343629638216	2.66659851286903	0.664877114835687	-1.0178326953842	2.45014869803411	3.46798139341831	2.39560064289526	0.853408927834359	4.38821351133088	3.53480458349653
281	1.23854421875773	0.000896428544245974	2.60913371252983	2.60823728398558	1.33741610650339	-0.715826908308708	2.94129768446618	3.65712459277489	2.60271902333727	0.618995553076029	4.22695924487386	3.60796369179783
277	1.92191286372461	0.662575133816378	3.33337592540527	2.67080079158889	1.8471803799966	-0.0474304778895239	3.34065351551033	3.38808399339986	3.68986867180688	1.93620814768077	5.50157764889938	3.56536950121862
293	2.20112346037179	1.03767868558493	3.51249409420579	2.47481540862086	1.43825114127606	-0.199182458875039	2.82908432047557	3.02826677935061	3.55868140095842	1.9230475107389	5.77946234768907	3.85641483695018
270	2.86247984312515	1.56430264194003	4.45784694992398	2.89354430798394	1.14383942569906	-0.458544717203358	2.57462736666419	3.03317208386754	4.06718265781803	2.24187787226122	5.74021641157373	3.49833853931251
282	2.22314598948754	0.9988404343755	3.79170551071518	2.79286507633967	1.19408023605031	-0.392987977482206	2.67430733644567	3.06729531392787	3.35690086434594	1.38219396175433	5.45959753843904	4.07740357668472
313	2.85068259569237	1.73609346244195	4.01715326806732	2.28105980562537	3.29631188552337	1.78712910026942	4.75547715656452	2.9683480562951	6.15367886810493	4.54274708408147	8.10195510474157	3.5592080206601
295	1.17473417384056	-0.205252449526117	2.42290104800689	2.628153497533	2.26943486342967	0.399380806785909	3.70627005107422	3.30688924428831	3.33430974843996	1.17328112172342	5.47459056416403	4.30130944244061
310	2.97443857480457	1.98178327093215	4.31858064059335	2.33679736966119	0.262155535607626	-2.52986179791774	2.25722643815001	4.78708823606775	3.2669630535459	1.15322764355973	4.9724096564833	3.81918201292357
255	2.55657648228435	1.26731904241498	3.9492096156478	2.68189057323282	1.04701655807578	-0.735767229109847	2.68637929649847	3.42214652560831	3.7086951717708	1.90020838278158	5.12069792415991	3.22048954137833
278	2.74451520187518	1.6545521254564	4.242603951211	2.5880518257546	2.90181102540504	0.990670882455435	4.6203773649596	3.62970648250417	5.73760208319924	3.66341977106185	7.68114786891839	4.01772809785655
235	1.72503237243159	0.492591360432837	2.87402064935257	2.38142928891974	0.0480117375230396	-2.01041362167838	1.94610043603186	3.95651405771024	1.6771567454209	-0.289329315515959	4.12392597876083	4.41325529427679
294	2.44574326739179	1.20297146750117	3.52196626775298	2.3189948002518	1.64388131716504	0.217682540349996	3.08189925573019	2.86421671538019	4.2059658289178	2.57629316009471	5.96166072317052	3.38536756307581
259	3.11884988459769	1.84758702515038	4.55744298564739	2.709855960497	1.02511055467451	-0.670604515280865	2.35738864626952	3.02799316155038	4.04836691028575	2.33190377062099	5.93657796944678	3.60467419882579
286	1.8468630027647	0.406051891648064	3.30258441440158	2.89653252275352	1.88118914625761	-0.00685497781738432	3.55007721108124	3.55693218889863	3.71672272513463	1.74340218953558	5.58271026356955	3.83930807403396
291	3.00034694502448	1.57970480411014	5.15688070300616	3.57717589889602	1.66357782173732	-0.166200850373198	3.39208335889536	3.55828420926856	4.62858576561428	3.13591140269691	6.5441410609433	3.40822965824639
262	2.35508394663303	0.810632376555637	3.82215080557677	3.01151842902113	2.19746001725415	0.305592287256073	3.80142947437283	3.49583718711676	4.47586513687111	2.46979383270704	6.19854132164119	3.72874748893415
305	2.17040105320699	0.724408321795575	3.50367581911119	2.77926749731561	1.8049966873331	0.186798416100299	3.32471567881935	3.13791726271905	4.00491843022713	2.2319214528951	5.48667901340939	3.2547575605143
254	2.12018461395133	0.541714251346957	3.63854109677979	3.09682684543283	1.03615793445699	-0.793800914034271	2.66993219442859	3.46373310846286	3.09497878387539	1.60074586193557	5.06707820475543	3.46633234281986
275	1.73258907261458	0.268906963547625	3.40463067217804	3.13572370863042	2.86016007625303	1.18884316089269	4.60622360344066	3.41738044254797	4.53551526950741	2.85091187405586	6.47905886255026	3.62814698849441
297	1.73954279719276	0.524721258335611	2.86826059275027	2.34353933441466	-1.09929016462773	-2.41090420465935	0.772478605592832	3.18338281025218	0.710697811252285	-0.992997919659788	2.35588297240142	3.3488808920612
280	1.67147872137767	0.459820366565451	3.0768267403848	2.61700637381935	2.76986327864029	1.02233575782836	4.22605204778124	3.20371628995288	4.3934491613028	2.68903055792136	6.52868768525011	3.83965712732876
296	1.38842104019943	0.0891368629378591	2.51820571003181	2.42906884709395	1.52941470367515	-0.0837519347871776	3.71347400678962	3.7972259415768	3.02662442851054	1.29489254402985	4.87559811624428	3.58070557221443
340	1.03145859409826	0.266742060736283	1.85743125257027	1.59068919183399	3.25867331006666	1.42887633687631	5.24881234433458	3.81993600745827	4.2915319490153	2.60725987413573	6.09840749735158	3.49114762321585
315	2.50975824473756	1.14405993009786	3.82416687286252	2.68010694276466	0.821767932707803	-1.10737273624402	2.34646365209394	3.45383638833796	3.25823724724748	1.17976173694669	5.33914984621423	4.15938810926754
317	1.66158980359894	0.189051423516514	3.0585020919312	2.86945066841469	2.27065740857077	0.641057888069975	4.09628999380592	3.45523210573594	4.03348662119259	2.05996601027551	5.72766460798444	3.66769859770893
257	1.94142952078659	0.203289233688693	3.55963384019338	3.35634460650469	2.31495171794936	0.354403585448768	3.7352803083616	3.38087672291283	4.28755873641569	2.39835790670665	5.6836829865845	3.28532507987785
306	1.92089556966141	0.359982361698231	3.25538367528858	2.89540131359035	2.96103723453692	1.38461249208891	4.74419300625445	3.35958051416553	4.92691349528017	3.05921159996092	6.68708391771203	3.62787231775112
258	1.14884180970887	0.10717127907101	2.73967387159144	2.63250259252043	0.947203864553386	-0.889726511773772	2.70984268102728	3.59956919280105	2.19203226378985	0.0705122372886819	3.83461565123839	3.76410341394971
312	1.13585094822763	-0.122826524586969	2.48147442419328	2.60430094878025	1.6149869105919	0.019714456407188	3.21611022367341	3.19639576726622	2.70022618908956	0.974468098092877	4.58847298291578	3.6140048848229
303	1.49669759950274	-0.127890242483515	2.77976165274925	2.90765189523277	3.16735419941699	1.38701978810092	4.86302189840925	3.47600211030833	4.71869437421266	2.27163504127376	6.41027880137089	4.13864376009713
307	2.50447118071732	1.08815840772113	3.81600731475564	2.72784890703451	1.15027918450589	-0.598519078222112	3.01066390176754	3.60918297998966	3.55144458024249	1.95547634184564	5.16449229908274	3.2090159572371
292	2.50913587732833	1.06756980344511	3.91783616446349	2.85026636101837	1.65971505697585	0.127778295023486	3.45824629538532	3.33046800036183	4.299443346647	1.89327222207889	5.99975910152802	4.10648687944913
309	2.01689629882024	0.704112779375556	3.61706680255497	2.91295402317941	2.29279141976643	0.234311383910413	3.95517200022028	3.72086061630986	4.38568359055284	2.47117513875577	6.4010166494031	3.92984151064733
304	1.93642450896672	0.532624010093338	3.27602352878849	2.74339951869516	0.810366094889009	-0.913891433119302	2.75512772691219	3.66901916003149	2.63255734309317	0.769547027748809	4.92321094484638	4.15366391709757
318	1.98146466029391	0.665962949735784	3.61819523826932	2.95223228853354	0.543701162225094	-1.19194104897776	2.15620199227503	3.34814304125279	2.37754405417864	0.725111106931775	4.25122702814747	3.52611592121569
302	2.0039956776604	0.657775755630154	3.0551932478853	2.39741749225515	1.44820687264687	-0.125033544344233	3.06950513464084	3.19453867898507	3.38323470633274	1.62611934381767	5.03039781760553	3.40427847378786
311	1.15197186755883	-0.100270630755285	2.7824569699714	2.88272760072669	1.4451196783966	-0.294434076022535	3.16419054901464	3.45862462503718	2.50379485087739	0.711526172060985	4.97724110323179	4.2657149311708
319	1.70494613365642	0.256034237025766	2.90793293954571	2.65189870251994	0.758173822582704	-0.596733549873612	2.82767616199533	3.42440971186894	2.36952516410829	0.879761212278993	4.94233922268401	4.06257801040502
329	1.69469348452294	0.164187372322735	3.6535049808908	3.48931760856806	1.98118470678783	0.100643469565383	3.79613701375341	3.69549354418803	3.89456930837608	1.92138016194416	5.56073099901216	3.639350837068
260	2.33530875953692	1.15002010190891	3.71474591535848	2.56472581344957	2.06097573978208	0.278041894876595	3.86468988377374	3.58664798889714	4.42392170237549	2.57898795278531	6.7540231890748	4.17503523628949
314	0.780669851519007	-0.370127241695862	2.27041031759674	2.64053755929261	2.42809123017882	0.713754994978309	3.83897243610694	3.12521744112863	3.21008816711173	1.34645676195914	4.96209027131512	3.61563350935599
301	1.7401009113897	0.268958857416103	3.28226543251527	3.01330657509916	2.36936953720638	0.521013513659377	3.97984907206221	3.45883555840284	4.07970803564406	2.58058582627356	5.78387641876667	3.20329059249311
364	1.42650576856213	-0.427266676386487	2.62637839445444	3.05364507084093	3.05461937699107	1.34726667372373	4.73458698570782	3.38732031198409	4.30676307941156	2.11496381667208	6.05018492985125	3.93522111317917
357	2.34095935707867	0.844794628735323	3.91501267909265	3.07021805035733	2.23749229403467	0.403984629767073	3.73696138069299	3.33297675092591	4.58038392555564	2.33518170654636	6.12424836536451	3.78906665881816
323	2.14444887924359	0.776339741957994	3.59013794499721	2.81379820303922	2.15863192138381	0.664502961686716	3.9027069526184	3.23820399093168	4.41436539723069	2.32456113241709	6.42546804671174	4.10090691429465
320	1.20894767914619	0.0519745536278589	2.6071272322549	2.55515267862704	2.57757542495522	0.95569422393589	4.12354468991455	3.16785046597866	3.72984822063915	2.31160445261269	5.46031736855852	3.14871291594583
381	1.27196113086014	0.177197767408663	2.87194267330531	2.69474490589664	2.08752758068184	-0.00101240744756048	4.11187634920844	4.112888756656	3.34933196467224	1.76069382666998	5.2876582105693	3.52696438389932
358	1.00685986812927	-0.263784662619175	2.20576801366383	2.46955267628301	1.30436342563773	-0.596245930248111	3.15025820078427	3.74650413103238	2.2265667954626	0.614599718466859	4.19634572614386	3.581746007677
351	1.98673272556216	0.457564624696438	3.28323332246698	2.82566869777054	2.21949756657682	0.573647216736296	3.73631336578317	3.16266614904688	4.1702960377174	2.2903647732268	5.80408456606255	3.51371979283575
322	0.657387316973472	-0.448777077261694	1.73276463963796	2.18154171689966	0.692548632633219	-0.905779911262845	2.44761549455639	3.35339540581923	1.38302657496828	-0.45048227702803	3.05589826496949	3.50638054199752
299	2.06764347859415	0.52468862820152	3.40294151118766	2.87825288298614	2.79945251551234	1.35649661627094	4.55882333558358	3.20232671931264	4.95930247696267	3.15996500883303	6.66970933265663	3.5097443238236
316	1.57286853045585	0.160165221171813	3.14578610745462	2.9856208862828	2.29345085282978	0.462489668889287	3.77814299949074	3.31565333060145	3.74633670395062	2.19044401052633	5.59086268382801	3.40041867330168
344	1.67345871688509	-0.0257151936565498	3.00182041576085	3.0275356094174	1.41438987268735	-0.393655198776561	3.1497146558581	3.54336985463466	3.01148557875932	1.16680464221094	4.98475594345266	3.81795130124172
298	1.3500694996416	0.0614171894446994	2.92780101811452	2.86638382866983	2.95425992829106	1.23864858273042	4.4840240178312	3.24537543510078	4.29291446393581	2.72329535646794	6.1426197674816	3.41932441101366
331	2.88208539488238	1.69491198833231	4.14334362299592	2.44843163466361	1.21224938521474	-0.555671488466294	2.81525704497944	3.37092853344574	4.06145544807428	2.17364661511899	5.75335267069763	3.57970605557864
346	3.49853872251995	1.90755615857441	5.23622768241298	3.32867152383858	0.0688142265539786	-1.96823021977269	1.89308274991191	3.86131296968459	3.50067526984132	1.80221678864365	5.29159932682677	3.48938253818312
337	1.87222704974369	0.718882125682682	3.67200199179439	2.95311986611171	2.42512298224592	0.385491928271594	4.04260443906613	3.65711251079454	4.39993291870602	2.67225415208925	6.34918372243192	3.67692957034267
345	1.43225092743239	0.0722005139396658	3.02913040494284	2.95692989100317	1.5650675142203	-0.35183966339137	3.50475110297588	3.85659076636726	2.98703414936886	0.922440287704666	4.93774425918525	4.01530397148058
349	2.16236557873726	0.656092878168157	3.58588980104607	2.92979692287791	1.67596515359231	-0.0743858416304645	3.5936555118691	3.66804135349956	3.77817166953161	1.85607117551273	5.63814952808095	3.78207835256822
356	1.59042164257402	0.623903039440729	2.99303024809697	2.36912720865624	2.17706136678067	0.297000906542334	3.84884034237614	3.5518394358338	3.80595579663858	2.01780818018888	5.53656306232166	3.51875488213279
410	0.906416709661479	-0.418418635988128	2.11017775749054	2.52859639347867	2.38181486573129	0.0827232104792964	4.55341817677413	4.47069496629483	3.30720990495153	1.41179826952501	5.15249719401304	3.74069892448803
327	2.20950710106545	0.8775606928469	3.4363649595454	2.5588042666985	2.37487185267833	0.641750678598144	3.95475232677984	3.31300164818169	4.52268322581961	2.82230338029763	6.12121152786759	3.29890814756997
330	1.23562912963555	-0.220478412819268	2.58650065645162	2.80697906927089	2.04769719586784	-0.0595697942483061	3.61623454086256	3.67580433511087	3.2705703257236	0.910924928621098	5.23115983392525	4.32023490530415
325	1.88937818252753	0.286725481727505	3.13677492070448	2.85004943897698	2.22103102096046	0.45357848596897	3.9918948371736	3.53831635120463	3.98589778657194	2.29644723020513	5.67651281005256	3.38006557984743
328	1.90006947390311	0.541275536616653	3.41501722766418	2.87374169104753	1.3576157493044	-0.63651667265089	2.80836348253252	3.44488015518341	3.21197125432414	1.46567460333583	4.73705219406523	3.2713775907294
332	2.82979806982302	1.27810126601797	4.57304296896837	3.2949417029504	2.36929636994498	0.662798098103397	4.16915771776748	3.50635961966408	5.21444428649292	3.09562760847896	7.65675973519652	4.56113212671756
347	1.83473717217496	0.494256489826427	3.45616886533134	2.96191237550491	2.22231244810789	0.481251255597437	4.1993743056648	3.71812305006736	4.155437719603	2.40287355172708	6.11527859914694	3.71240504741986
321	1.09938715604493	-0.661050157922035	2.45025414811453	3.11130430603656	1.8447078704834	0.167348429737127	3.69918776582652	3.53183933608939	3.01729088709268	1.30913442096317	4.60467208605051	3.29553766508733
308	1.47394292227539	0.102124170768717	2.86571727537763	2.76359310460891	3.2620655941708	1.34870978972423	5.28101160814001	3.93230181841578	4.75877372699665	2.72721922781707	6.63009674813575	3.90287752031869
339	1.63285990050217	0.226269852729841	2.84486292187448	2.61859306914464	1.70286857494279	0.0557661125941842	3.14503520888777	3.08926909629358	3.3448309165906	1.1867461384269	5.1961406381486	4.0093944997217
363	2.06236937925772	0.614026393494753	3.56462965662442	2.95060326312966	1.11071644899935	-0.396551238253007	3.02007471901717	3.41662595727017	3.17163887696935	1.295125125501	5.37504836964471	4.07992324414371
350	1.84973415613291	0.214750413696513	3.19877107709782	2.98402066340131	1.9177315216991	0.100525235006638	3.87313186236239	3.77260662735575	3.72536502881125	1.95419157695236	5.75862812857361	3.80443655162125
300	2.23638306189646	0.756360957075057	3.81880226809775	3.06244131102269	0.168654026476504	-1.58448576891148	1.88014441651444	3.46463018542593	2.49136719351011	0.830021535929262	4.23618049652218	3.40615896059292
367	2.36407613878459	0.741961628350143	3.95354141539618	3.21157978704603	1.43373254436583	-0.628719778012365	2.93682153389065	3.56554131190302	3.896109636633	1.5093145371407	5.7564048760094	4.2470903388687
342	1.16075909307467	-0.190195206257362	2.61804262533982	2.80823783159718	2.83088432227671	1.15800832956325	4.37121828122137	3.21320995165812	3.91817121402328	2.07381953349739	5.88778450673528	3.81396497323789
375	2.4701507564227	1.20912770269941	3.80177714098796	2.59264943828855	-0.373012172937935	-2.46639097930927	1.93593814862826	4.40232912793754	2.0856771821749	0.00398075673751603	4.07071359769664	4.06673284095913
355	1.76161536211995	0.475285443865063	3.41556115372717	2.94027570986211	4.27303799378263	2.92025990050278	5.96797642752725	3.04771652702447	6.16354566760689	4.32903876426287	7.93544687832109	3.60640811405822
336	1.5441171529557	0.029603929572536	3.27289572947934	3.24329179990681	1.8632188227302	0.274661877583034	3.62728680204912	3.35262492446609	3.61095128268918	1.58624531290085	5.26127925730378	3.67503394440293
370	2.40849424651384	1.15435234985029	3.8581025673852	2.7037502175349	2.02066995957367	0.464188954390037	3.82240690904612	3.35821795465609	4.41246253893057	2.6991739097824	6.3387798093876	3.63960589960519
373	1.54508356349367	0.168155534457778	2.70611748174958	2.53796194729181	3.47720051835516	1.73819116983644	4.97686185146922	3.23867068163278	4.9482028626048	3.1670810240064	6.80354924057373	3.63646821656734
384	3.14059723758059	1.98328286264115	4.78162451627314	2.79834165363199	-0.122930749992339	-2.16242999567638	2.04342309460995	4.20585309028633	3.18879471236494	1.38919709958562	4.97194263114525	3.58274553155962
380	1.41811655805385	0.281496418107313	2.63093971208042	2.3494432939731	1.5153641068415	-0.0757601649715223	2.99525196390322	3.07101212887475	3.00450800701093	0.872522688648892	4.53703504917696	3.66451236052807
343	1.61915056730738	0.427401250423967	3.02510162252733	2.59770037210336	1.3957030399209	-0.230937983204686	3.14226636027006	3.37320434347475	3.01659275201518	1.40300845722418	4.91726841875971	3.51425996153553
374	2.63483016651086	1.32987979798836	4.1145067529506	2.78462695496224	2.41946207101424	0.86652987317387	4.07849583368762	3.21196596051375	5.01565222872914	3.26566904774507	7.06382222402331	3.79815317627824
333	0.499787255033901	-0.95844558104965	1.82039288477315	2.7788384658228	2.42767862320131	0.987127571244154	4.15596283025931	3.16883525901515	2.96944234017252	1.27556310809577	4.77953813480834	3.50397502671257
334	2.00515023454116	0.829144375850615	3.32947837690487	2.50033400105426	0.708409047201053	-1.03335771307286	2.85881722262747	3.89217493570033	2.74462752935336	0.46647249431334	4.77766481510031	4.31119232078697
407	1.48199206465481	0.422433021579186	2.56101671508616	2.13858369350697	1.14991556613454	-0.903106708428956	3.28514245967242	4.18824916810138	2.68319115009525	0.814345536431637	4.45550374478752	3.64115820835588
366	1.34849218452806	0.0188843420358719	2.8026960937773	2.78381175174143	2.41478763877345	0.845327618683838	4.00058039428339	3.15525277559955	3.80899560141316	2.06814442190089	5.34952888414171	3.28138446224082
338	1.65779850270098	0.38149347733874	3.30773300853247	2.92623953119373	2.72808981475433	1.08028555166137	4.65114353419195	3.57085798253058	4.38543688639797	2.12857126126815	6.4031749328622	4.27460367159405
341	2.02176048542327	0.75130224957893	3.28091397263214	2.52961172305321	1.08768705055789	-0.585880063613362	2.82895288286744	3.41483294648081	3.1546223800029	1.0561750265766	5.10887969370659	4.05270466712999
372	2.01625547379291	0.854209220782728	3.25872491915291	2.40451569837018	0.366036697452085	-1.16418533919769	1.92943964209343	3.09362498129112	2.29305693538782	0.45724277976067	4.18218850742282	3.72494572766215
385	1.84091212172492	0.516772041214224	3.29750603287862	2.7807339916644	1.78739113248359	-0.785084377598048	4.18023514753953	4.96531952513757	3.61667139105694	1.58495180284913	5.57698149596652	3.99202969311739
389	0.946067898786799	-0.25430078548887	2.42781830859758	2.68211909408645	2.58634626833673	0.92429380292273	4.26102184974826	3.33672804682553	3.54849509836265	1.80312574100012	5.3283920762865	3.52526633528638
368	0.847289954691643	-0.401995300392274	2.28291743616378	2.68491273655606	2.17582779535451	0.0420804347750688	4.07066573280211	4.02858529802704	2.99464187828999	1.39832004446706	4.99389379586924	3.59557375140218
399	2.50174289673537	1.13197349153429	3.69130566013763	2.55933216860333	0.812798776534788	-1.27217661698916	3.00944781435873	4.28162443134789	3.28737424611669	1.43047722972754	5.01538706450452	3.58490983477699
362	1.97881943400287	0.720601330380748	3.30502494785389	2.58442361747314	1.13472610098634	-0.583536025564921	2.68691576469464	3.27045179025956	3.08846401331915	1.51641397930466	4.69584640755845	3.1794324282538
449	1.73241966456001	0.582955579163257	2.85937382141525	2.27641824225199	2.40649426436586	0.269633763687838	4.56622880441541	4.29659504072757	4.10053837305977	2.06368050871456	6.09830362770816	4.0346231189936
365	1.24916094270608	0.0577171447006984	2.66110223642607	2.60338509172537	1.99876203956488	0.293429242690174	3.39742457024793	3.10399532755775	3.1880646624742	1.59544499795301	4.89853396986473	3.30308897191171
439	0.341391833032491	-0.839892023233663	1.5339789009686	2.37387092420227	3.86002935358664	1.63411381144362	6.05617090550263	4.422057094059	4.30895141512555	2.24694537733693	6.00753347762685	3.76058810028993
395	1.43240544877217	0.436444306954642	2.88062326582074	2.4441789588661	1.5163473243218	-0.691566239880434	3.78497805623651	4.47654429611694	2.9633469810393	0.926957032281151	4.90379188428989	3.97683485200874
429	2.05258847061198	0.894346383160235	3.4766897658223	2.58234338266206	2.14555836403235	0.0795660522626986	4.60875113733162	4.52918508506892	4.21411991063203	2.45744132765188	6.40861430862374	3.95117298097187
382	1.59337877382196	0.24917071870116	2.95894573532474	2.70977501662358	1.82035649798385	0.169964227261571	3.31833950536097	3.1483752780994	3.35220982045064	1.53095043184807	5.00524789124485	3.47429745939678
390	1.55974175457085	-0.0310158445545172	3.26116357029709	3.2921794148516	0.936638823426879	-0.920566776234562	2.65864629236209	3.57921306859665	2.50190042692063	0.412708223378516	4.43677791877038	4.02406969539186
324	2.15796516171771	0.882247772414906	3.76126438600392	2.87901661358901	1.7487846361836	0.43454817424674	3.32862978149145	2.89408160724471	3.96650653899047	2.36606512962586	5.84785180622178	3.48178667659593
388	2.82370091956486	1.57758786326849	4.26529951097304	2.68771164770455	1.76839888449622	0.0230444815705395	3.27233995845095	3.24929547688041	4.56164311841799	2.58335664087145	6.22949215097443	3.64613551010298
413	2.19797753363871	0.353430259587628	3.70457165235351	3.35114139276588	2.06938775213695	0.535288050303399	3.76278375932837	3.22749570902497	4.39159382884929	2.11380338123735	5.9066626155736	3.79285923433625
391	1.84452869616645	0.489730360982046	3.33988464305836	2.85015428207632	1.50701279438647	-0.17011188999919	3.12564109326316	3.29575298326235	3.31555401432908	1.56032228646669	5.17910264015305	3.61878035368636
371	2.19097219537487	0.66394464651538	3.88157561188021	3.21763096536483	0.431695258807243	-1.65874152443312	2.4349877811583	4.09372930559142	2.58820832977129	0.606214433727197	4.48947666258123	3.88326222885403
427	2.01253501336513	0.324722658824185	3.99054997802626	3.66582731920208	3.12295752339518	1.0727052003288	5.1320916990921	4.0593864987633	5.09634563460986	3.2175105136857	7.32073520888404	4.10322469519834
369	1.51991061095384	0.308662300005102	2.81224909507396	2.50358679506886	0.90058482479995	-0.591538567866786	2.38900442091721	2.980542988784	2.47799023339343	0.892605606169842	4.04989429317936	3.15728868700952
431	1.88212885517542	0.524169909878314	3.58510578784824	3.06093587796992	2.35218091079077	0.491177998035678	4.40489679458481	3.91371879654914	4.30406964206737	2.48417636711213	6.13609767553541	3.65192130842328
335	1.72583079434498	0.431565685508028	3.22513771248412	2.7935720269761	2.05215036259728	0.275858472033163	3.60582163508009	3.32996316304693	3.7317304655599	2.06930588468678	5.66376552620645	3.59445964151966
438	1.8704141740384	0.50587496152144	3.36853018517023	2.86265522364879	1.96877391732604	0.220992574762224	3.36052765214654	3.13953507738431	3.75063377464743	2.18922375525763	5.45682007919486	3.26759632393723
443	2.13228171991803	0.935256903695091	3.36709508474837	2.43183818105328	1.28676414200317	-1.04700275764257	3.63829341266866	4.68529617031123	3.44997494051531	1.50904718633093	5.43386460268996	3.92481741635904
393	1.89582740043702	0.65652079555565	3.40148848626479	2.74496769070914	1.77584041736036	0.170803606270534	3.74124497883126	3.57044137256073	3.85037882733928	1.58338416135663	5.86350240522518	4.28011824386854
404	1.52856997353448	-0.0114741187546846	2.84572465048355	2.85719876923824	1.25025749282799	-0.473097758919278	2.89781061949937	3.37090837841864	2.7057915533537	1.12508663379443	4.68873385185633	3.5636472180619
433	0.802583156457488	-0.531758040471822	2.17684687050891	2.70860491098073	2.45428626762552	0.80708002329824	3.7947307756724	2.98765075237416	3.20201458138012	1.11623178750573	5.22666644641999	4.11043465891426
426	1.05451678770384	-0.117541720807541	2.31933815079252	2.43687987160006	2.23825632187971	0.381296890801569	3.90218177854966	3.5208848877481	3.28055691808305	1.52015169604764	5.29925508063172	3.77910338458409
424	1.12878826531881	0.00542888643518725	2.30092009204971	2.29549120561452	2.53872252066725	0.569537330926384	4.66714752435215	4.09761019342577	3.6813678345418	1.94408248321343	5.50084918727568	3.55676670406226
414	2.0789988874067	0.928173067349951	3.47268811761982	2.54451505026986	1.22729073398887	-0.29763884369885	2.87871351540065	3.1763523590995	3.31521913085299	1.6901227756977	4.95701576028388	3.26689298458618
430	1.73225688967875	0.538163925689574	2.79577414706472	2.25761022137515	2.98833888249476	1.25975983134764	4.37407729944833	3.1143174681007	4.63847054123067	2.7058017627245	6.38108461219541	3.67528284947091
402	1.59148506197158	0.456473563553681	3.05971086013219	2.60323729657851	2.51490851706136	1.06515852511605	4.41193707586494	3.3467785507489	4.21548650643953	2.38089376335958	6.37599481760483	3.99510105424525
378	1.72255651334201	0.432729530399767	2.9083075544789	2.47557802407913	1.25285267329906	-0.434384575186425	3.10377374035934	3.53815831554576	2.97638465390915	1.41457143122869	4.74697562193716	3.33240419070847
448	2.5096493076376	1.23337251868765	3.65835312542302	2.42498060673537	1.56529209388777	-0.172707169125377	2.95965010458226	3.13235727370763	3.98754568267098	2.24046955574639	5.76041092547056	3.51994136972418
436	2.37583187890001	0.843677048061883	3.80635075171862	2.96267370365673	2.86777116127345	1.02565960591553	5.04217081648966	4.01651121057414	5.28234030060126	3.57157306947816	6.89560681095968	3.32403374148152
446	1.54530166572432	0.377447098527531	3.08249749172818	2.70505039320065	1.92218143757681	0.529179541829841	3.57867148991483	3.04949194808498	3.52604976683323	1.91612142024924	5.07921608017655	3.1630946599273
416	1.95151216414911	0.90105515625212	3.2236856775016	2.32263052124948	1.70194611390747	-0.279825688907992	3.53810457595917	3.81793026486716	3.7283591188483	1.90407883928518	5.58151967646747	3.67744083718228
483	1.45364345761643	0.633343075710999	2.67417097984915	2.04082790413816	2.11951759310928	0.306919743094376	4.01402636436687	3.7071066212725	3.55634828031943	1.93677466342247	5.40917209884179	3.47239743541932
392	1.56351345595967	0.085801389018121	3.09689282936869	3.01109144035057	1.62553625173488	0.122562580173874	3.28298474993874	3.16042216976487	3.18465993607361	1.26366382224721	5.02421907161736	3.76055524937015
440	1.92445896075813	0.500475052717199	3.42876721425744	2.92829216154024	2.05830462376415	0.596799865999434	4.01521977119629	3.41841990519685	4.08567159483868	2.27632376574373	5.75923108949807	3.48290732375434
467	2.28348456583436	1.33221951797702	3.45887621725568	2.12665669927865	1.0502851039204	-0.920032892815157	3.22867884487706	4.14871173769222	3.3825937806853	1.54469173845542	5.21468468999636	3.66999295154095
428	1.2235579623724	0.23476853950532	2.59218616963369	2.35741763012837	0.667395556576436	-0.833233169196056	2.39348996214169	3.22672313133775	1.8966951883538	0.175355431454079	3.88905503339356	3.71369960193948
437	2.13351497054789	0.761489692731893	3.42113812068669	2.6596484279548	1.39239113951283	-0.363617184769819	3.04356675431111	3.40718393908093	3.47706027560341	1.89403375013795	5.47367934757867	3.57964559744072
500	2.29034461337223	1.12928727320323	3.41613629803185	2.28684902482861	1.81492908848056	-0.768173480587922	4.31402611252045	5.08219959310837	4.08499629891725	1.69947154574774	6.09814946598155	4.39867792023381
387	2.46428798711459	1.20997610729513	3.73405617851181	2.52408007121668	1.38778974552024	-0.664893706295504	2.94686674790075	3.61176045419625	3.89592249269138	1.81992581049726	5.42170864867251	3.60178283817525
405	2.13766822568512	0.710381208932365	3.70523339496008	2.99485218602771	1.15823927384638	-0.630560633902486	2.72993572434003	3.36049635824251	3.33938441250229	1.21063089013667	5.00310241491275	3.79247152477608
453	1.51639541364757	0.105979911370594	3.06984371740801	2.96386380603741	0.974607137611122	-0.946788417720342	2.67462562519951	3.62141404291985	2.50734524088605	0.739087410808353	4.10482544113862	3.36573803033026
447	1.62172211012371	0.364793883104795	3.09048116809614	2.72568728499135	1.87073342748516	0.112445203103017	3.75829027364485	3.64584507054183	3.46140536989761	1.62625694034291	5.53215871834128	3.90590177799837
432	2.31156327777678	0.98720996194548	3.78255529006313	2.79534532811765	1.42919752642669	-0.191812244677431	2.82099452674065	3.01280677141808	3.78123012215938	1.8203398519146	5.41765744293469	3.5973175910201
411	2.64887806519761	1.29644376345952	4.19029607118919	2.89385230772967	0.487321602727856	-0.82785912670625	2.18880592248749	3.01666504919374	3.23985390412319	1.55056473255379	5.11405099767822	3.56348626512442
425	1.99323038541107	0.525522720587496	3.31793197614826	2.79240925556077	1.9777807334762	0.314304651348909	3.7683254207031	3.45402076935419	3.99881065831275	2.091477619735	5.79468662575577	3.70320900602078
396	2.23790038740117	0.802191937932031	3.69919158184757	2.89699964391554	-0.176487288645522	-1.67482251095442	1.51287602062182	3.18769853157623	2.03186356169671	0.552137365438416	3.69720848992738	3.14507112448896
421	2.39081472732093	1.37794796460337	3.75294039286184	2.37499242825848	0.887804152196579	-1.08703775986127	3.16824171197584	4.25527947183712	3.38537567277883	1.50675587250137	5.20796031884599	3.70120444634462
422	3.96450392367282	2.57635276704912	5.21974783252135	2.64339506547223	-0.869522991310164	-3.25433998976594	1.34274903619622	4.59708902596216	3.08806591427364	1.17048328652019	4.78570213970416	3.61521885318397
498	1.60144546813954	0.121654873656083	3.25528709955014	3.13363222589406	1.94664383189941	0.0142801774810228	3.64593804666541	3.63165786918438	3.60677310842558	1.29517396164905	5.17425109465874	3.87907713300969
466	2.25508019490076	0.946853039910906	3.75196715880499	2.80511411889408	2.17131560669812	-0.218284022464392	4.2856752571231	4.50395927958749	4.28913206180486	2.47758291238839	6.4519046531451	3.97432174075671
394	1.04998822414972	-0.0904077136510818	2.29607022014432	2.3864779337954	0.860504294734806	-0.331131201704047	2.68517246995546	3.01630367165951	2.0374154759752	0.342225438859158	4.15891227013788	3.81668683127873
418	1.54614457811189	0.34457191120015	2.92833550397324	2.58376359277309	0.979068411602918	-0.50224063695624	2.41625631821462	2.91849695517086	2.55614914204866	0.479463228077578	4.21522788085798	3.7357646527804
403	0.91776842340866	-0.237866980787941	2.30902701381493	2.54689399460287	1.21034216208599	-0.425695035724024	2.90691821682556	3.33261325254959	2.10199443742282	0.402523045499593	3.87420164518496	3.47167859968537
445	1.08694022840894	-0.3233407888977	2.90551744049384	3.22885822939154	2.36194814225445	0.726486659642797	4.2318862291658	3.505399569523	3.38811369569982	1.38260606302514	5.65305294885407	4.27044688582893
460	1.27641417193309	0.310291314599932	2.31655428083731	2.00626296623738	2.49436489127354	0.481392496248768	4.60169306784772	4.12030057159895	3.8099589467849	1.77150176733255	5.80558341634808	4.03408164901554
452	2.74090691512655	1.49058236979102	3.93707899328356	2.44649662349254	0.936959626967566	-0.679050985963818	2.76522385536386	3.44427484132768	3.76248495560727	1.92036291824349	5.70883232480274	3.78846940655926
419	1.87884482509844	0.563460603479362	3.28665964297254	2.72319903949318	0.966127967572966	-0.450107217651799	2.91393808100909	3.36404529866089	2.89526960187867	1.18515907439041	4.94252161990878	3.75736254551836
423	2.05512971688346	0.666096622791047	3.31025835029936	2.64416172750831	1.0553645404059	-0.478780110004463	3.02571186588058	3.50449197588504	3.21938407645657	1.2759788484847	4.83829980567781	3.56232095719311
487	1.5578838664617	-0.0829252783095746	2.7378797294283	2.82080500773787	1.69089963383808	0.167549649495584	3.31157297500118	3.14402332550559	3.1852455937668	1.77980759478924	4.80178658251443	3.02197898772519
450	2.45493026133787	1.03700066674925	3.58730026182822	2.55029959507898	0.688139843232195	-0.962587422115238	2.49418207033898	3.45676949245422	3.07511689715978	1.58723180485445	4.92379453845984	3.3365627336054
486	2.00292583511481	0.575133490830165	3.17574440915546	2.6006109183253	2.25761528918336	0.52559018256708	4.05244664090113	3.52685645833405	4.15076819939955	2.30565505640344	6.0151872085381	3.70953215213466
415	1.48215712690198	0.00222848592862126	3.0060211730879	3.00379268715928	2.333037571891	0.873533337139662	4.18211079337259	3.30857745623293	3.89356494867586	2.16791068230707	5.68374764818078	3.51583696587371
444	1.20580465304326	-0.1028629851027	2.98099649602926	3.08385948113196	2.42626216885319	0.532509810648595	3.98999688880346	3.45748707815486	3.74985022273568	1.77401835291446	5.32888127607661	3.55486292316214
420	3.00395196126683	1.50899292399869	4.7013323974206	3.19233947342191	2.90946223309873	1.26418264247349	4.75193292766092	3.48775028518743	5.88710523216137	3.84933370101422	7.73192543729799	3.88259173628377
401	2.28481691838554	1.26327618159998	3.55556711334146	2.29229093174148	1.99999774211515	0.531348117104687	3.60518083735912	3.07383272025443	4.32962929787295	2.51060439583046	6.07046942157281	3.55986502574234
451	1.37419990892398	0.124766301425405	2.60788855400291	2.48312225257751	1.24593368955895	-0.420811215653262	2.72058755365568	3.14139876930894	2.65059095737277	0.929818821448395	4.43598453665423	3.50616571520583
409	2.1723414255812	0.832520629980884	3.42843961155469	2.5959189815738	1.81745888571498	0.171464247297947	3.39018886722319	3.21872461992525	3.92914111693676	2.40520750936161	5.85410724186616	3.44889973250455
442	2.78255498866616	1.08971979141609	4.42683688098984	3.33711708957375	1.31432873097875	-0.448318286326049	2.83888998641108	3.28720827273713	4.1063287862113	2.25439114728014	6.05180244842504	3.79741130114491
441	2.15710313132454	0.854864921651607	3.36691675420135	2.51205183254974	2.79687220903495	0.781671525937361	4.40769671692933	3.62602519099197	4.87279508939909	3.28231270257338	6.97005279992543	3.68774009735204
479	0.955733808785393	-0.506277375487437	2.40034571791021	2.90662309339765	1.45085392363958	-0.500407957157434	3.18681645848891	3.68722441564634	2.37306086574813	0.45059440187032	4.35563137878048	3.90503697691016
484	1.08756088986612	-0.319962862899427	2.48052745112078	2.80049031402021	2.09034656861136	0.266367722947459	3.77987067025324	3.51350294730579	3.25182217651403	1.47441633408155	5.17365289523933	3.69923656115778
482	2.60883206792511	1.4078905047476	3.84380737509055	2.43591687034295	2.78475981103667	1.2963098142673	4.59020837679874	3.29389856253143	5.67489227690239	3.8647394489194	7.47122780874042	3.60648835982103
461	1.37071052153914	0.222460057184922	2.63436917631103	2.41190911912611	1.46161929006221	-0.0555983057164822	2.84667959067254	2.90227789638902	2.75123554534621	1.11835667423279	4.48905632385589	3.3706996496231
485	1.49759524720629	0.0368613573308591	2.97705616496171	2.94019480763085	2.08463928628736	0.698659791741651	3.90649182480846	3.20783203306681	3.64358464220943	2.01534194984519	5.37887392643547	3.36353197659028
496	0.419771585992403	-1.03974856438795	1.68570733785237	2.72545590224032	2.2593457852343	0.600015613593852	4.08670700926391	3.48669139567006	2.59759588548418	0.535615756881616	4.39435143095467	3.85873567407305
477	0.73104094093845	-0.533673971034166	2.24537084435716	2.77904481539132	2.53557261763244	1.09619997336706	4.16342114588039	3.06722117251332	3.30636489890605	1.55423826334763	4.95304922481724	3.39881096146961
469	0.690446368163972	-0.75182858911227	2.18970667429614	2.94153526340841	2.21044936537071	0.659670148882197	3.74873243628485	3.08906228740266	2.87822401225899	1.40593131308093	4.68017168989522	3.27424037681429
489	2.32771624624819	0.783928421226951	3.47194345354258	2.68801503231563	1.03741896640867	-0.465338851476586	2.62554714330352	3.09088599478011	3.37038179615435	1.30128391689192	5.11220715883546	3.81092324194354
462	2.94117163552658	1.45147828277554	4.22889299604039	2.77741471326485	2.36785977894842	0.0700785310180057	4.33615558244382	4.26607705142581	5.34009065484335	3.29569173722801	7.18451005371697	3.88881831648896
478	1.93175921022519	0.387491510073757	3.72190490351006	3.3344133934363	2.6899844770519	0.873146699000081	4.69918699719106	3.82604029819098	4.62413260655645	2.94221926743006	6.40995851730031	3.46773924987025
458	-0.227476246341382	-1.27804930387828	0.783263622613244	2.06131292649152	2.24462835844244	0.447075876674728	4.70269585714928	4.25561998047456	1.99993702670572	0.480829585508671	3.90500096726468	3.42417138175601
480	0.898293211127083	-0.296071702993932	2.09273097956369	2.38880268255762	2.89658871320248	1.47197512074429	4.49866479833741	3.02668967759313	3.86844111652989	2.33845829339657	5.49327316660958	3.15481487321301
417	1.07219381993015	-0.309950850440492	2.75503445122436	3.06498530166485	2.45044415984403	0.702554946675618	4.00744507944361	3.30489013276799	3.58809596124852	1.92027993827563	5.68770692676513	3.7674269884895
495	1.61666335576069	0.188173193818515	3.01112854333674	2.82295534951822	3.17024045135657	1.03963828079671	4.54031580475921	3.5006775239625	4.70820017992579	2.94864409195566	6.39922888632763	3.45058479437197
468	1.89319633178674	0.536535650903361	3.41021881950621	2.87368316860285	1.73944119286105	-0.249864491527303	3.64431113761889	3.8941756291462	3.70078125949629	1.71776995752109	5.37307453866758	3.6553045811465
493	2.81011687417816	1.18386357595172	4.28549243507495	3.10162885912323	2.58232707781726	0.799268960696661	4.51190943934571	3.71264047864905	5.52093714685849	3.39092523623256	7.21436525130183	3.82344001506927
481	2.293393764496	0.553030334443184	3.72907634966833	3.17604601522515	1.43562675062494	-0.263275739907525	3.1020605392573	3.36533627916483	3.75492051000109	1.69688054299349	5.55204619037435	3.85516564738086
476	1.65051891090869	0.124596117265182	3.33343774988759	3.20884163262241	0.612466092581634	-1.24464503234409	2.33391802434114	3.57856305668523	2.34102260654287	0.295714024950761	3.88468786577812	3.58897384082736
474	2.09054546490699	0.642541333309691	3.80686435033697	3.16432301702728	1.67980578439435	-0.0139711680119074	3.10497438873481	3.11894555674672	3.81922821184254	1.86140732698843	5.23065129062489	3.36924396363646
464	2.18627970957023	0.811864804685152	4.04842693432824	3.23656212964309	1.95851975263083	0.399217722160203	3.4779943547097	3.0787766325495	4.18456064998227	2.29922161777592	6.21307768459284	3.91385606681691
463	2.1051664605311	0.943738332259938	3.52108459018694	2.57734625792701	2.11821585737352	0.496720482669774	4.08532996604029	3.58860948337051	4.20214339895835	2.58512600521349	6.45870782803303	3.87358182281954
475	1.42179687615523	0.278163721443395	2.8461960430385	2.56803232159511	3.44269843966006	1.70026099309003	5.26268258060483	3.5624215875148	4.79267251955909	3.13094918651026	6.74312208448648	3.61217289797622
459	1.69734635001567	0.140636833046043	3.04443760251716	2.90380076947111	2.0149351724042	0.170794756226795	3.74109449736718	3.57029974114038	3.60558993822219	1.55794365667384	5.39490356412961	3.83695990745577
473	2.47986766320595	1.07168950225165	3.94682320892865	2.875133706677	2.45715189701666	0.752436647744155	4.21299183062149	3.46055518287734	5.0058563283347	3.25416902741639	6.57311660984348	3.3189475824271
465	2.34280525004249	0.801410593455017	3.77552406086669	2.97411346741168	2.10405990288548	0.367273619533654	3.74629980224766	3.37902618271401	4.39225526713437	2.42714133599642	6.16575657698414	3.73861524098772
494	1.51297943545536	0.243860646425164	2.85851785765773	2.61465721123257	1.37535517089252	-0.29703431965595	2.6134646284601	2.91049894811605	2.76746213764215	0.960996445565169	4.38180750750656	3.42081106194139
490	0.816429798828759	-0.517901124529508	2.29142610588051	2.80932723041002	2.56825715079856	0.71636170920785	4.14814519983188	3.43178349062403	3.36043413734819	1.60026827854055	5.33213158755598	3.73186330901544
497	0.837988191413034	-0.449591025889239	2.30428627045748	2.75387729634672	1.40571166355327	-0.00236680710254793	2.84592541356097	2.84829222066352	2.35563340526482	0.636994833410033	3.94464197464602	3.30764714123599
492	3.67537638847735	2.19854239263345	5.18270797213415	2.9841655795007	-1.20779188758739	-2.84753719030772	0.684458166236583	3.5319953565443	2.51610676845733	0.590132452984357	4.53765506769379	3.94752261470944
488	0.434627360677591	-0.975632485032054	2.17588525468081	3.15151773971286	1.4665620608786	-0.13771593068122	2.84357912396856	2.98129505464978	1.84850910603935	0.157221024685345	3.73348081629796	3.57625979161261
