"run_ID"	"NIE"	"NIE.q025"	"NIE.q975"	"NIE.CIl95"	"NDE"	"NDE.q025"	"NDE.q975"	"NDE.CIl95"	"ATE"	"ATE.q025"	"ATE.q975"	"ATE.CIl95"
2	2.14099859334468	1.54378617522372	2.98469235636952	1.44090618114581	0.606396196826632	-0.609433358249287	2.12337461663961	2.7328079748889	2.7280573658449	1.58030750292618	4.03203963394073	2.45173213101455
36	1.71981220159432	1.05670496098705	2.52686861930795	1.4701636583209	2.43365253600684	0.948482526245559	3.65535336058838	2.70687083434282	4.18604571312712	3.00704820728378	5.32480556666658	2.31775735938281
4	3.05590919027428	2.36103823419555	3.92811466660028	1.56707643240473	0.215555908866575	-1.08530532905873	1.41862017007888	2.50392549913761	3.2737222342428	2.04986650080113	4.35960018892601	2.30973368812487
101	1.74693540662023	1.10605816282771	2.46076456815855	1.35470640533084	1.59476622113316	0.16120188404834	2.92660674809425	2.76540486404592	3.3747581138224	2.19594854256694	4.5962101728935	2.40026163032656
99	1.16699795832568	0.435669376632464	1.91723729421774	1.48156791758527	2.60931835276699	1.32079254772328	4.0215360539187	2.70074350619542	3.86724665989953	2.84679376713691	5.20765035111377	2.36085658397686
92	2.27934678293716	1.53508550186527	3.05896407957453	1.52387857770926	1.78748456395202	0.499126885874649	3.40226683552444	2.90313994964979	4.08468253079173	3.00482460223922	5.2986395665884	2.29381496434918
81	1.53284217802808	0.893439978268551	2.17736585576467	1.28392587749612	1.16451961660492	-0.123115424019665	2.60840304332841	2.73151846734807	2.71760199590037	1.61510134787716	4.00068571984521	2.38558437196805
87	2.83717023175877	2.0688839323184	3.72350927500702	1.65462534268862	0.268431103006904	-1.11853580345944	1.77976867070872	2.89830447416815	3.12266484067801	1.95799769454971	4.48365240725813	2.52565471270842
127	2.39462247066548	1.72054708731272	3.22921412721054	1.50866703989782	1.78398197274331	0.372445864333475	3.2494447650475	2.87699890071403	4.20165981491217	3.01521604839386	5.41529853451319	2.40008248611932
157	1.75541492647122	1.02215201413194	2.52355100285215	1.50139898872022	2.68182922528161	1.42765157854646	3.91338093505209	2.48572935650563	4.51014276589415	3.4305685994451	5.63804152147764	2.20747292203255
140	1.19821291465231	0.451014998410916	1.8976759871345	1.44666098872359	1.65774306984654	0.159723071040625	2.93349130099761	2.77376822995698	2.88197374765411	1.56157811779944	4.00980543814831	2.44822732034887
172	2.98256265659238	2.25751801563782	3.95986185882588	1.70234384318806	0.983857285361755	-0.294454612620306	2.35079864965492	2.64525326227522	3.95766219114705	2.78230454387224	5.1855851973827	2.40328065351046
189	2.57085789190066	1.76830602181427	3.30856296634107	1.54025694452681	0.330215148190339	-0.978733619139194	1.70133482934754	2.68006844848674	2.91931250259737	1.80447618710807	4.00151596781152	2.19703978070345
201	2.40195530825202	1.57501389214447	3.11507444296121	1.54006055081674	1.39247221980627	-0.0955307322651213	2.52412610813098	2.6196568403961	3.75775723316846	2.67395448977555	4.81700603138701	2.14305154161146
236	2.01078742728823	1.3124243989782	2.82668786082892	1.51426346185072	2.32430508259746	0.962092825877063	3.41247401104426	2.4503811851672	4.31579978686333	3.27771989358867	5.48965041018003	2.21193051659136
252	2.23543408983648	1.31835916941	3.09957686710419	1.78121769769419	1.66283521693732	0.307716070992688	3.07786038350469	2.77014431251201	3.88792224021118	2.67391665814118	5.09547114398854	2.42155448584736
136	1.79594648296893	1.2381017867261	2.57368620741543	1.33558442068932	2.67534101110686	1.3159101858183	3.87964960405948	2.56373941824118	4.46557357803986	3.47686184145364	5.64308590286374	2.1662240614101
259	1.27017448886546	0.653963785080553	2.00440944189684	1.35044565681629	2.83044553684104	1.67040211352487	4.15313727056304	2.48273515703817	4.13790095638641	3.01574221633189	5.26589362443067	2.25015140809878
339	2.04666984695191	1.18890424406952	3.11245019214637	1.92354594807685	1.46617123528955	0.111543345883092	2.81265660771074	2.70111326182764	3.50421207515112	2.45108869241829	4.89941361499818	2.44832492257989
356	2.24945145444864	1.44253158664803	2.9871649507395	1.54463336409147	1.67975750303228	0.375454733371908	3.17531204074445	2.79985730737254	3.8940784029241	2.73147884414547	5.03195696277261	2.30047811862714
362	2.04150124484647	1.2735472127414	2.78644467606677	1.51289746332537	2.02459789849726	0.801948974193812	3.45332888343002	2.65137990923621	3.97562056986654	2.75690014298801	5.43727267051154	2.68037252752353
429	1.86735837574346	1.17837227407212	2.63165049162973	1.45327821755761	1.61009843953135	0.401159836918442	2.87313401372059	2.47197417680214	3.46603030988384	2.34646578044502	4.51594492053368	2.16947914008865
365	0.64115757835724	-0.0864857388563689	1.31210323468654	1.3985889735429	1.87760765227429	0.468158870467351	3.25832167651744	2.79016280605009	2.48511560154495	1.44647876069665	3.65735145173987	2.21087269104322
27	1.35125477012091	0.355287086867884	2.33496327371092	1.97967618684303	1.85769703522919	0.541668630497175	2.86920112493768	2.32753249444051	3.18161663849286	1.84946971459039	4.381160534487	2.53169081989661
35	2.54441825395698	1.63333517513425	3.56999579780968	1.93666062267543	0.349711306169611	-0.872215266705171	1.43901332811314	2.31122859481831	2.90994712844846	1.67882453520269	4.12089561782225	2.44207108261956
51	2.13876569560249	1.23429007235864	3.21075244955413	1.97646237719549	1.8543632057488	0.7959124656604	2.96691173233618	2.17099926667578	4.09618142790792	2.84551767904788	5.28981433979733	2.44429666074945
453	2.36766941910845	1.5858628710635	3.11550935256512	1.52964648150163	1.00173113846687	-0.292220692630836	2.52109742116532	2.81331811379615	3.31259215914424	2.17333406361504	4.84057351086751	2.66723944725247
380	1.35623737442117	0.557441545345083	2.09625619649145	1.53881465114637	2.18484265188065	1.13790410727738	3.62190380300345	2.48399969572607	3.60104613804431	2.43256139908876	4.69812962391619	2.26556822482743
37	1.21533625312215	0.369421122265468	2.04258575920901	1.67316463694355	2.3149217816636	1.23146280403542	3.31582748408152	2.0843646800461	3.47867420645855	2.10419059581391	4.67874274619149	2.57455215037757
483	2.54470032269777	1.72574094200777	3.33140242373868	1.60566148173091	1.78743459681261	0.546580825941607	3.20676470443762	2.66018387849601	4.35517250147697	3.13387293798623	5.74389086206811	2.61001792408188
98	2.09005865940398	1.07511401974482	3.19278986036844	2.11767584062362	1.97868808634733	0.827735201225579	3.32428068746109	2.49654548623551	4.06250698012757	2.86909750776316	5.51920255163138	2.65010504386823
75	1.77569182222408	0.889105563234794	2.77781647559067	1.88871091235587	1.85122950067352	0.523683143381423	3.08973419621753	2.56605105283611	3.63748221283827	2.32163722473579	4.95909087019286	2.63745364545707
3	1.74919565482523	0.755494785743472	2.96854020054066	2.21304541479719	3.23364427225947	1.92980155580531	4.62481336122917	2.69501180542385	5.08319834791051	3.54314236612022	6.37423765748286	2.83109529136264
53	1.95058750317331	1.00257951184221	3.05926473971084	2.05668522786863	1.98845756979283	0.850181449335562	3.44967700836925	2.59949555903368	4.02763926320158	2.57017829698388	5.41147761348697	2.84129931650309
402	1.80269197428578	1.25772100475458	2.54607455373667	1.28835354898209	0.846611229821985	-0.324672666930859	2.01772079078726	2.34239345771812	2.64787828394778	1.61945420711853	3.80123865637543	2.1817844492569
106	1.98883311183577	0.835605660410819	2.995235908758	2.15963024834718	2.79710005069121	1.41330632012064	3.89388530911015	2.48057898898951	4.7481147721729	3.50386638051738	5.83681176359317	2.33294538307579
31	1.93894444092895	1.06052569527777	2.91995313386989	1.85942743859212	0.952851970128551	-0.14730031906714	2.23613789333456	2.3834382124017	3.00237539485772	1.70243139504927	4.30866154009405	2.60623014504478
262	2.01216205979095	0.974126749965504	3.19409460597469	2.21996785600919	1.59428952409301	0.0476044224716804	3.10708702744331	3.05948260497163	3.59722068425457	2.17868735421257	5.11900000571524	2.94031265150267
16	2.18874050392925	1.21221218547276	3.04903727585701	1.83682509038425	0.960268185570347	-0.194434410273565	2.05295398228954	2.2473883925631	3.10266322796921	1.8209391481243	4.15366674372156	2.33272759559726
77	1.84179273976282	0.757450312853549	2.91076483776043	2.15331452490689	1.05954009192482	-0.0318307443891424	2.17091272007858	2.20274346446772	2.84344249561065	1.754358735186	4.21929343822811	2.46493470304211
489	0.95918179282051	0.29852269461364	1.84974484079483	1.55122214618119	2.27320283894392	1.1194638426638	3.88217174427161	2.76270790160781	3.27104304955049	2.23027445521339	4.44445139207736	2.21417693686397
477	1.81596710783778	1.21954263058972	2.69485113374086	1.47530850315114	1.12746461826346	-0.257309126511316	2.47857328205231	2.73588240856362	2.92462615630673	1.8324549268204	4.20329749626178	2.37084256944138
403	1.36237014717337	0.695773111446922	2.06277130999358	1.36699819854666	1.35541804630506	0.209594104905915	2.9195536552212	2.70995955031529	2.8044569055118	1.61206427435565	4.0339584705911	2.42189419623545
47	1.61820908368856	0.876303413369987	2.64286297066869	1.7665595572987	1.80021080806005	0.796272199295759	2.6226121576234	1.82633995832764	3.38625210133053	2.12066279208435	4.45356711961228	2.33290432752793
32	1.42806274341253	0.344669489744216	2.40250712175136	2.05783763200714	1.94846911755955	0.677825915040577	2.97738154709338	2.2995556320528	3.38048738559183	2.04665634674225	4.43537538538938	2.38871903864712
417	1.3168998167929	0.593926663992955	2.05886940803734	1.46494274404438	1.26192889398224	-0.177614761867937	2.69361746924596	2.87123223111389	2.5590676099601	1.31510313677589	3.77458667856444	2.45948354178855
33	1.89930002027557	0.996047989227245	2.89209056700661	1.89604257777936	1.81894502780727	0.68471427165919	3.02852630326931	2.34381203161012	3.67647710882461	2.72964277133444	4.89765418038122	2.16801140904678
493	2.03292486556709	1.36623674136821	2.71892717265395	1.35269043128574	2.30436518252761	1.22841961497066	3.73534832229974	2.50692870732908	4.39512771945616	3.19318471030748	5.52168781521714	2.32850310490966
117	2.08282824317495	1.12840930778274	3.00770901728859	1.87929970950585	2.07868263822496	0.840589796240799	2.99114588767799	2.15055609143719	4.18283673263566	2.84212215040326	5.39523269252663	2.55311054212337
9	2.80077710627988	1.74660705958932	4.12767814757482	2.38107108798551	1.74606439943894	0.558100304431602	3.22442057748603	2.66632027305443	4.630490257581	3.26321397588867	5.9058937890138	2.64267981312513
40	1.54322953689774	0.450071325291136	2.62749881488132	2.17742748959018	2.16830816124764	0.567623368190763	3.64824627799411	3.08062290980335	3.68956829761633	2.14066580587936	4.95592930470101	2.81526349882165
124	1.92524721027682	0.959302360193536	3.04830254479482	2.08900018460128	1.23107061261653	-0.072909103488722	2.68810732749872	2.76101643098744	3.25998495834081	1.95023251102216	4.44076289492095	2.49053038389879
30	2.24285013556868	1.22383866500892	3.22664499550386	2.00280633049495	2.21764978817136	0.921032100596524	3.4191348939944	2.49810279339787	4.4735558062125	3.20961521396595	5.6948250532444	2.48520983927845
28	1.23006809780835	0.28173079720795	2.33174742497589	2.05001662776794	1.80348827245862	0.672821860259154	3.01375114780202	2.34092928754287	3.0661724397239	1.85507804668078	4.37453812183513	2.51946007515434
23	1.7510893956214	0.815590833029401	2.72514005975306	1.90954922672366	1.68224948488528	0.347591205599914	2.99572659489754	2.64813538929762	3.49445153072563	2.2835306663126	4.63266917793569	2.34913851162309
50	1.67848736860404	0.750104329893577	2.816556523179	2.06645219328542	3.20882864626251	2.06887796963569	4.26976584748578	2.20088787785009	4.87206082014499	3.75998432003699	6.24085484453264	2.48087052449565
121	2.56025367425573	1.49698391357373	3.70113893009723	2.2041550165235	1.30305631304743	-0.0850733113643514	2.76878407002541	2.85385738138976	3.91748377248524	2.52237924006264	5.18762301888435	2.6652437788217
100	1.97043533476351	0.980976832827382	3.02054374318082	2.03956691035344	1.83321407880545	0.385725933226874	3.07847455583216	2.69274862260529	3.80906113062537	2.49921175779659	5.0752634177048	2.57605165990821
122	1.93558593692887	1.18375896799045	2.91882590758168	1.73506693959123	1.6241893223569	0.494032175600693	2.60214938743598	2.10811721183529	3.54725964860166	2.3385325695482	4.75310032879149	2.41456775924328
96	1.5025131102683	0.808956243158723	2.57468429312827	1.76572804996955	2.15395537389906	1.02091648946808	3.27385018186881	2.25293369240073	3.6426017966999	2.5916255508743	4.93388896198457	2.34226341111027
17	2.15835287030756	1.21330617079533	3.30898750803672	2.09568133724139	1.74812677479327	0.459421828738866	2.78660881088011	2.32718698214124	3.89788234342605	2.4395263187901	5.12715882872299	2.68763250993289
29	2.05002733022096	1.14673747894605	3.11133598185376	1.96459850290771	1.11989196434705	-0.119943318537721	2.49633638109904	2.61627969963676	3.17911514417853	1.76591755765809	4.55109916960707	2.78518161194898
105	1.83216744133224	1.00765055614613	2.92299742612296	1.91534686997683	2.28732980014455	1.16294246951849	3.43404734738767	2.27110487786919	4.15251284226632	2.74532712946967	5.43336647287981	2.68803934341014
84	1.79826671321466	0.804724734943829	2.77301332557463	1.9682885906308	1.70879187065084	0.377784478914968	2.78000522948146	2.40222075056649	3.51944377958269	2.22405089106649	4.7734833209602	2.54943242989371
12	1.5790826096111	0.749069758800714	2.4679723205679	1.71890256176718	2.00471000262852	0.717800738067545	3.18674014687776	2.46893940881022	3.62565388395539	2.26126447494328	4.94747575576375	2.68621128082047
48	1.34304284845482	0.385839908255875	2.34097923413211	1.95513932587623	2.21671186828951	1.17037615165731	3.30432295191674	2.13394680025943	3.58752216489868	2.30306198847381	4.72545489883978	2.42239291036597
103	1.2288347770146	0.389006884501131	2.32379277765302	1.93478589315189	1.95647216867018	0.912778001251916	3.10066011591555	2.18788211466364	3.20455160778921	1.97652344243225	4.66436986897171	2.68784642653946
465	1.70737144586085	0.836311154019089	2.44021963565266	1.60390848163357	2.01725609378216	0.798542122027254	3.56818724669283	2.76964512466558	3.72214336109502	2.44517423893353	4.83317669231152	2.388002453378
74	1.85800337763457	0.947255793972928	2.97865210919947	2.03139631522654	1.21715442228848	0.216512644250124	2.56141443634104	2.34490179209091	3.10289071748244	2.01077720077042	4.64887315365655	2.63809595288612
95	1.41853877697738	0.456723514277416	2.40720574579911	1.95048223152169	1.79480317685696	0.555717993304729	2.92105298376296	2.36533499045823	3.15538245168845	1.93739797942754	4.66902974378038	2.73163176435284
15	2.96704498930648	1.91223490336749	4.02673699455904	2.11450209119156	1.50231167378265	0.470148229644814	2.72221793451924	2.25206970487442	4.42515454410581	3.2112826017617	5.72944917748155	2.51816657571985
211	1.97304735792713	0.892139478700908	3.1004564290712	2.20831695037029	2.10649205547335	0.53638321195478	3.09067477779005	2.55429156583527	4.03722795233931	2.54570899795533	5.45881244985755	2.91310345190222
25	1.79335781232985	0.960993588736424	2.83057177982082	1.8695781910844	2.2466705812267	1.18927717433548	3.45013273108301	2.26085555674753	4.02034424590965	2.81201642923653	5.32651911976905	2.51450269053252
22	2.31711035290549	1.39651036866914	3.35282780303063	1.95631743436148	2.02691197322203	0.678590921814719	3.08310568925638	2.40451476744166	4.40570886999682	2.84778431795794	5.69643081699945	2.84864649904152
26	1.65984232077055	0.762505885149705	2.76752735971547	2.00502147456576	1.76006608606498	0.492527147057364	2.80219201073091	2.30966486367355	3.46359620617017	2.21064257567097	4.53059857075644	2.31995599508547
97	1.36114910933441	0.34937083554489	2.50488009132849	2.1555092557836	2.00214314027836	0.917131977452642	3.46480281804596	2.54767084059332	3.41536593100933	1.85229847390021	4.85529561828124	3.00299714438103
24	1.72466692045918	0.739540201942067	2.65527137564416	1.9157311737021	2.22496945998339	1.07468784383189	3.21121239610643	2.13652455227454	3.86905033884991	2.74536351018184	5.34290816092896	2.59754465074712
88	1.62751176440532	0.518483031476166	2.63080765187999	2.11232462040382	2.24839436371354	0.969810088847814	3.68677731722063	2.71696722837282	3.9085534419499	2.39292705421392	5.45242495528041	3.05949790106648
91	2.43491575644646	1.49083012349452	3.3542887517456	1.86345862825108	1.3401591841311	0.471650444709567	2.52309713489272	2.05144669018316	3.86473765355724	2.66392028256894	4.85438179197443	2.19046150940549
55	0.870474762959609	0.0442450118281068	1.93412396634467	1.88987895451656	2.34640851156368	1.07068306991062	3.4789880074333	2.40830493752269	3.21550483850752	1.74322870561942	4.72394772204789	2.98071901642847
34	1.73924920558213	0.684497894047946	2.85322486524631	2.16872697119836	2.05974906164106	0.685176762083604	3.64023795510912	2.95506119302552	3.77715391395955	2.30671810497553	5.49760424575808	3.19088614078255
126	1.16251946360557	0.408738950818406	1.99980483670578	1.59106588588737	1.58211485701855	0.0460592034847609	2.53270681781495	2.48664761433019	2.74542022916167	1.499780987474	3.81305316701078	2.31327217953678
174	1.59991137419127	0.574099274483746	2.718353337753	2.14425406326925	2.00452884774355	0.862989085637629	3.21479803411969	2.35180894848207	3.67063058067795	2.46384359631444	5.07287253395798	2.60902893764354
57	2.46050848348879	1.37663226972014	3.33527790963276	1.95864563991262	0.953768026222001	-0.358009233444069	2.4224621426597	2.78047137610377	3.33722976301878	1.85672850369282	4.96660522468734	3.10987672099453
58	1.28512194833668	0.346728658008022	2.39188015929496	2.04515150128694	2.09630211277233	0.807225149551039	3.41185677647541	2.60463162692437	3.38368808420544	2.11243936593745	4.76906448267437	2.65662511673691
216	1.4660537509447	0.420961770561918	2.53739143059516	2.11642966003324	1.82393499160005	0.372175190025737	3.08004883810605	2.70787364808032	3.35275795571122	1.84094303512074	4.41568646120197	2.57474342608123
215	1.99626012752548	1.08579076513861	2.99827609346973	1.91248532833111	2.35637024204283	1.01791185989485	3.70672100648761	2.68880914659276	4.23363589841173	3.11690570159206	5.77537202497518	2.65846632338313
18	1.92878862161591	0.811687899273848	2.90451205354914	2.09282415427529	1.88002598078682	0.719370753777572	3.43681653743536	2.71744578365779	3.8182195949062	2.64239037917177	5.18264786124747	2.5402574820757
20	2.06306198851552	1.08282960737205	2.97618105949683	1.89335145212479	2.40127437400067	1.1633896679515	3.45807460507055	2.29468493711906	4.39214703265039	3.18658594735787	5.91009607960904	2.72351013225117
38	1.64286714802601	0.367673248588386	3.05217107978114	2.68449783119276	2.51328114747426	1.19596263331322	4.16073226005165	2.96476962673843	4.2169127463768	2.7919790834034	5.75256782124408	2.96058873784068
1	2.71799838390346	1.82817162507384	3.80632706987061	1.97815544479677	1.13336588415249	-0.101876503002149	2.4494788973587	2.55135540036085	3.8859923956842	2.73194839670871	5.15308067663794	2.42113227992923
290	1.82133918267951	0.8789601133499	2.72151443577467	1.84255432242477	1.27146902505919	0.364920426914134	2.33450263431437	1.96958220740024	3.09586057172181	1.93904792370956	4.44868021283021	2.50963228912065
132	2.37035904331942	1.41455110745994	3.41839371293754	2.00384260547759	0.898923734930811	-0.576294098779428	2.12995823621828	2.70625233499771	3.22186541194353	1.79824338974403	4.51254419868069	2.71430080893666
102	2.04688697976194	1.07176039300688	3.02399235880973	1.95223196580286	1.3251813898132	0.0846554219280738	2.61885082702252	2.53419540509444	3.37497160252546	1.84111409944047	4.68029934280883	2.83918524336836
183	2.79284153620295	1.8140760241213	3.75669174652593	1.94261572240463	1.68099172745509	0.517393513417777	2.73193011687902	2.21453660346125	4.49645807903545	3.01360691679048	5.912731386121	2.89912446933052
171	2.08194086730306	1.1854632433508	3.02710117970135	1.84163793635055	1.59831855569247	0.516480119822638	2.90030662131643	2.38382650149379	3.69252107543951	2.38902032008384	4.88011294788727	2.49109262780343
76	2.27874248251657	1.13098718790943	3.38881800542547	2.25783081751604	1.40744765204706	0.049364559381153	2.56841771536867	2.51905315598752	3.67034653727527	2.30229544750571	4.95701155574035	2.65471610823464
129	2.49250859354258	1.62781185029453	3.55263920431656	1.92482735402203	1.68809440084111	0.522589499424674	2.69692350582042	2.17433400639575	4.21157596234509	3.03743976392219	5.43007006731972	2.39263030339752
123	2.41239207181871	1.46396618982994	3.4911537270236	2.02718753719366	2.30082894528575	0.981143642833903	3.45209579097211	2.4709521481382	4.77960458891585	3.2906918037186	6.06873672241667	2.77804491869807
8	1.27390164350664	0.324946723763374	2.08412335488552	1.75917663112215	2.19158778235381	0.892970024443406	3.25441434152749	2.36144431708408	3.3718994952886	1.94750457597055	4.61603236234693	2.66852778637638
184	2.00423823823822	1.02309880232921	2.99231461698015	1.96921581465093	1.80893419281908	0.720950350126665	2.93001690342699	2.20906655330033	3.77416109506165	2.68465196748677	5.0692441512588	2.38459218377203
146	2.07401992646926	0.869548225966471	3.14198343988152	2.27243521391505	1.26352625103554	0.258396076995813	2.52974630630698	2.27135022931117	3.41717426023773	2.05377556433976	4.47911720118758	2.42534163684782
66	2.45464212964064	1.49847346281204	3.54960077364738	2.05112731083534	0.351227010949431	-0.653296261000961	1.47678261727178	2.13007887827274	2.76897627276624	1.48802062822054	4.08150280379885	2.59348217557831
217	1.29233075477252	0.160891490413806	2.26694375359793	2.10605226318412	0.599412587216207	-0.601252756261935	1.87549358584689	2.47674634210883	1.86368789806269	0.776510367704574	2.96902949203405	2.19251912432948
237	2.22644104389914	1.29140754859743	3.40110491557672	2.10969736697928	1.5353118999545	0.515135316827489	2.84726758966014	2.33213227283265	3.87670336869503	2.41298399155249	5.25368518651511	2.84070119496262
119	1.55950837398274	0.443818449567657	2.75082730568019	2.30700885611253	1.27302074746409	-0.0971993382750371	2.74173097557411	2.83893031384915	2.86548120332049	1.37560159945085	4.10998861286567	2.73438701341482
83	2.41641653797404	1.4311940622605	3.47975424995255	2.04856018769205	1.1159302319255	-0.23954897830083	2.35882797635331	2.59837695465414	3.55013892270091	2.09234227156033	5.04481059662986	2.95246832506953
13	1.95318889273474	1.00065994061034	2.96529152458151	1.96463158397117	2.23599568721353	1.14815106695026	3.45056238633245	2.30241131938219	4.2559554224592	3.05192868870088	5.47473814515263	2.42280945645175
104	1.83441923445247	0.958306708849068	2.85114385507744	1.89283714622837	2.77377925340832	1.60041100521085	4.00083083616372	2.40041983095287	4.54088830077598	3.15710649476998	6.03487571768502	2.87776922291504
43	1.79398607856529	0.603358449717924	2.80560716630843	2.20224871659051	2.11601174139389	1.0984373313797	3.34418703714994	2.24574970577023	4.02305134359676	2.61658555179881	4.93497505628425	2.31838950448544
310	1.75330554888807	0.78205902083629	2.81233375746836	2.03027473663207	1.68363443078911	0.60400234884498	2.63345441486149	2.02945206601651	3.44858287378362	2.2253597752187	4.47354635515074	2.24818657993204
246	2.34483219135383	1.29156336616557	3.31785289131403	2.02628952514847	1.25597020399574	-0.0204604477057016	2.40164136455713	2.42210181226283	3.65576060691084	2.18743012736846	4.77942290249315	2.59199277512469
82	1.33898057020337	0.264174797675828	2.31717836334415	2.05300356566832	2.49608732707442	1.45011937918972	3.7108383571264	2.26071897793668	3.85982827508098	2.66580131520752	5.2071833408008	2.54138202559328
180	1.19198238007048	0.386775453774929	2.2236354739159	1.83686002014097	1.57390445873268	0.445285708322943	2.78680393299949	2.34151822467655	2.87992714258972	1.60510846198265	4.14739214281657	2.54228368083392
283	2.28564347143986	1.280952118845	3.40528784616796	2.12433572732296	1.30788723578707	0.0855826526113782	2.48715883456494	2.40157618195356	3.5804463433928	2.23242057081285	4.83783697522149	2.60541640440864
94	2.17462380794501	1.14536486341751	3.3780820164978	2.2327171530803	1.0632315348529	-0.474902568627633	2.46992734870354	2.94482991733117	3.19979178873498	1.8744066759629	4.92865065752216	3.05424398155926
39	1.40112326425885	0.462268953235042	2.52177224955432	2.05950329631927	2.06481845192153	0.655211499443724	3.37537552453803	2.72016402509431	3.44246749534077	1.95089161923336	4.94454039719656	2.9936487779632
214	2.09351134345561	1.21650140895957	3.04991382673637	1.8334124177768	1.42636817582867	0.255130915631908	2.66822136084151	2.41309044520961	3.44925727270085	2.23332603210464	5.01222889831497	2.77890286621033
138	1.74225478247502	0.804277298683884	2.61969681981618	1.8154195211323	1.85933641688383	0.737428534506319	2.89982728899591	2.16239875448959	3.61890041060776	2.32162375147196	4.62982350419117	2.30819975271921
72	1.73068686320222	0.877585179727406	2.884836798538	2.00725161881059	2.41983419111289	1.27350631669284	3.83897432586653	2.56546800917369	4.21466204645605	2.98351524666667	5.42588384115481	2.44236859448814
169	1.7399643199764	0.859830440630801	2.68333651232302	1.82350607169222	1.70175501515403	0.520321871808872	3.00189836517888	2.48157649337001	3.48106181059688	2.07706747811032	4.97970116718426	2.90263368907394
253	1.35651925123627	0.343126912846356	2.16070256906655	1.81757565622019	1.1059451572812	-0.0391559552600383	2.16786210174307	2.20701805700311	2.46636410334471	1.29312338792033	3.51467503566252	2.22155164774219
19	2.04880844287367	1.02388820698499	2.84897103928031	1.82508283229533	1.54459336393067	0.043140391153231	2.65579681989398	2.61265642874075	3.53094694127998	2.16277688697444	4.76383175662239	2.60105486964795
80	1.90687337286583	1.00967926776477	2.95981246504627	1.95013319728151	2.46358939945249	1.11977757552344	3.56091898860872	2.44114141308528	4.40768579242623	3.14742397653471	5.56787650708208	2.42045253054737
315	2.35742377851572	1.36386469831688	3.2676199912122	1.90375529289532	2.37999445247434	0.930216003236593	3.83417864867752	2.90396264544093	4.69484589647348	3.4405299064033	6.19421790374026	2.75368799733696
90	1.39602391582203	0.345413653958548	2.43686767100262	2.09145401704407	0.969112020622273	-0.189919862491859	2.25492032286939	2.44484018536125	2.36153867412738	1.26353848491196	3.92928438704395	2.66574590213199
73	1.90760422107681	0.827253745608683	2.84925551533985	2.02200176973117	2.32783632154429	1.14802798802474	3.31283183239733	2.16480384437259	4.13503262601122	2.78787660949742	5.58149148747456	2.79361487797715
240	1.63765234105208	0.76420073596974	2.61276929527099	1.84856855930125	1.6950609656321	0.553840769393288	2.92283800576977	2.36899723637648	3.38729886250368	2.1280532749432	4.55318915428832	2.42513587934512
71	1.44735233972162	0.532526242695873	2.372935121358	1.84040887866212	1.59634460411837	0.160337881836465	2.8406091440865	2.68027126225003	3.04754497010856	1.65866840105188	4.3225668469795	2.66389844592762
120	1.32553526258413	0.502798138475707	2.39522578488422	1.89242764640852	1.54889471226342	-0.0206773864256526	2.90841622431916	2.92909361074481	2.88599702636113	1.53161881066059	4.3476202724036	2.81600146174301
93	2.14829120044132	1.16529430485125	3.19537325227966	2.0300789474284	0.99580389332736	-0.186266232589267	2.21488305190498	2.40114928449424	3.17103248740187	1.69055361292485	4.47208755778859	2.78153394486374
179	1.54339671514436	0.329624687937365	2.38096335104028	2.05133866310291	1.73845141239034	0.368589099671223	3.04399434753069	2.67540524785946	3.26614800532997	1.66708840702772	4.59976064483314	2.93267223780543
208	1.40202137220256	0.255106613970374	2.46070640455347	2.2055997905831	1.82792928219162	0.571472497515966	3.17349708274904	2.60202458523307	3.19296216888149	1.92913507069054	4.582560862566	2.65342579187546
233	2.60187244225933	1.70744182809337	3.50803689526089	1.80059506716752	1.2729580026181	-0.00746798752970997	2.57913519295797	2.58660318048768	3.90995636596155	2.60360007242727	5.23301192741701	2.62941185498974
45	1.27061993185296	0.48919690826059	2.27793283952744	1.78873593126685	1.81636689179379	0.590889407612872	2.9626973832373	2.37180797562443	3.04715945289808	1.87183427371437	4.31213132020376	2.44029704648938
303	2.27472459681407	1.41173426723131	3.16230958100652	1.75057531377521	1.2479692679967	-0.0194988701252109	2.43860117318346	2.45810004330867	3.48349049444637	2.26638440214845	5.09343121184475	2.8270468096963
227	1.87769607344997	0.989653533695503	2.83903194698966	1.84937841329416	1.04529019562176	-0.315258630263522	2.21258087505823	2.52783950532175	2.8536775048743	1.64867078146642	4.56879114069079	2.92012035922437
49	2.25899348333008	1.18347531417435	3.20057333406618	2.01709801989182	1.3963924474599	-0.343971455659001	2.9248267414471	3.2687981971061	3.66447164474157	1.53522185414531	5.39605418082541	3.8608323266801
44	2.11820507182906	1.06358649305328	3.08080738972548	2.0172208966722	2.14067213093869	0.953882396488016	3.4244089577825	2.47052656129448	4.19788301347586	3.06503457802866	5.62555046286254	2.56051588483388
222	2.18642018320681	1.04428958060381	3.36182286625094	2.31753328564713	2.7275013903853	1.39558572726427	3.80713819263937	2.4115524653751	4.91554053349852	3.50663235400823	6.33446049609506	2.82782814208683
148	2.58914176607514	1.4139836675501	3.64858672062993	2.23460305307982	0.427108332500181	-1.09415267960051	1.71652543398676	2.81067811358728	3.02850823778073	1.54452536673443	4.12851726531109	2.58399189857666
5	1.34615606450906	0.471264158450579	2.37269422291392	1.90143006446334	2.33610044184576	1.09876010361	3.41141180711241	2.31265170350241	3.69432875474805	2.46275485144817	4.87749951072643	2.41474465927827
52	2.28474355246303	1.35719022590935	3.17591273622273	1.81872251031338	1.61059635243796	0.170172017319493	3.03608072875475	2.86590871143526	3.88124581650496	2.37194067513135	5.52582444602557	3.15388377089422
238	2.15873745082505	1.21758078194135	3.15721676229221	1.93963598035086	1.46016037052394	0.370883311497011	2.61372159721343	2.24283828571642	3.6852860044255	2.32523847008041	4.81068527409929	2.48544680401888
54	2.38364169180077	1.38561210753888	3.30704595137984	1.92143384384096	1.56421438211034	0.0828471014311559	2.72328549443054	2.64043839299938	3.89550117686193	2.50201545335156	5.21579593734432	2.71378048399277
268	1.97479703951405	1.12789601244959	2.95504611335934	1.82715010090975	1.89257309525793	0.791857063511941	3.08131872881243	2.28946166530049	3.92033836679013	2.71003075830959	5.02956180188104	2.31953104357145
274	1.69051465455369	0.589738453200234	2.68265956699876	2.09292111379852	1.17071245643733	-0.168195440826787	2.70738824165922	2.87558368248601	2.86774449489343	1.32317943377383	4.29330476983262	2.97012533605878
287	1.79940008885473	0.874401332879634	2.80757202924041	1.93317069636078	1.70899993127155	0.375037444568732	2.74183487753622	2.36679743296749	3.49980095685619	2.11567577421784	4.74497471054572	2.62929893632788
225	0.867236873197992	-0.0489630196109031	1.70337188912607	1.75233490873697	2.69680609469525	1.67114677515355	3.91752684725118	2.24638007209763	3.59905972741974	2.14815144640444	4.82159879257198	2.67344734616754
280	2.57439699932463	1.50215189605859	3.46611579023623	1.96396389417765	1.49356116921354	0.171918559124933	2.99367791531827	2.82175935619334	4.03379710818726	2.95046255670571	5.29982609980007	2.34936354309436
288	1.88365209832083	0.939625739679432	2.8458125970461	1.90618685736667	1.51595999326797	0.295131369555366	2.67904596689392	2.38391459733856	3.49601632111	1.97853255234702	4.6527436598731	2.67421110752608
245	2.480647111911	1.38377524351242	3.64798556141184	2.26421031789941	1.29742874809478	0.0948796236187586	2.51064067674042	2.41576105312166	3.73457142610601	2.49743995409065	5.1326609878849	2.63522103379424
78	2.16997140854093	1.02742052163029	3.42260487133249	2.39518434970219	1.43628002149093	-0.034776741958056	2.6045139495576	2.63929069151565	3.65861910932682	2.01090888881361	5.10837049283238	3.09746160401876
113	1.42873605003117	0.258174957523667	2.55105579116865	2.29288083364499	2.07264271636716	0.869880070160763	3.28734463423508	2.41746456407432	3.4307769319514	2.230210237402	4.7187979160342	2.4885876786322
141	1.97141844042105	1.22337709511859	2.97281822045963	1.74944112534104	2.08474405817022	0.772339569154289	3.25512582977254	2.48278626061825	4.10138050656419	2.73104389783025	5.30759369092126	2.57654979309101
212	1.33914301819547	0.412110519795384	2.45168607407027	2.03957555427489	2.21975287152811	0.760769560094992	3.95109868121044	3.19032912111545	3.62986755220728	2.10734371251506	5.44037978581309	3.33303607329803
273	1.52793729845112	0.60165785345131	2.55324684376814	1.95158899031683	2.66197773516295	1.30160509100622	3.92565926564002	2.6240541746338	4.16722851431765	2.97546365803261	5.68553243317405	2.71006877514143
223	1.89718091387351	0.961361049757701	2.80612228242843	1.84476123267073	2.18629969715324	1.20330984974862	3.21857436483899	2.01526451509037	4.13450842582662	2.95764054516503	5.1160276309718	2.15838708580677
228	1.46730693229737	0.380780505462869	2.5420559580047	2.16127545254183	2.02257951383696	0.482766098488696	3.36294871255484	2.88018261406614	3.45920709079598	1.83220672507327	5.09471344882125	3.26250672374798
60	2.16554734093024	1.2020767507822	3.31014159304306	2.10806484226086	1.9732075003925	0.746567718047396	2.95605172138359	2.20948400333619	4.15530217483931	3.00151113035454	5.28353303395825	2.28202190360371
112	1.32757546376121	0.400116653176037	2.3267387136166	1.92662206044056	2.20933483266359	0.973028293200024	3.30332240948438	2.33029411628435	3.5400409147267	2.00274025631529	4.53958853922125	2.53684828290596
249	1.91167877528192	0.96002830635508	2.88836092262609	1.92833261627101	0.871176171285112	-0.581620687006831	2.16620112565589	2.74782181266272	2.77339491901986	1.431760601699	4.12885454124824	2.69709393954924
234	3.23486117959749	2.26831265354987	4.45939371098027	2.1910810574304	0.483828249992497	-0.650433988200018	1.83723568067394	2.48766966887396	3.7978104744475	2.45415890471748	5.11641779999224	2.66225889527476
14	2.11125260217891	0.80969807833899	3.28124555021965	2.47154747188066	0.761050067896412	-0.619407120896651	2.05666176214851	2.67606888304516	2.76739783461985	1.35943432084705	4.3363175346049	2.97688321375784
86	1.44017274374397	0.458794868866788	2.35167295161726	1.89287808275047	1.46734838309382	0.044211485540379	2.97257269497681	2.92836120943644	2.9638599041604	1.41241037879987	4.48039630118681	3.06798592238695
178	1.93231672044534	0.817167473358655	2.8370117342868	2.01984426092814	1.56741465761836	0.228177224843001	3.14765143826135	2.91947421341834	3.52393085000593	1.85844210829128	4.78934699355132	2.93090488526004
41	2.68346732452665	1.95690408429177	3.57047419827323	1.61357011398146	1.67396397483984	0.581780623056759	3.02375124681518	2.44197062375842	4.38219234873103	3.29508533898997	5.67265484192148	2.37756950293151
67	2.03234574161026	0.888784790611168	3.17177570948995	2.28299091887879	0.893624478220609	-0.41177843012911	2.36349332578061	2.77527175590972	2.90895902121675	1.75686909651186	4.21637872290181	2.45950962638995
306	1.95087911119127	0.954627397081104	2.82515551486409	1.87052811778299	1.86539699165564	0.747825513571634	2.85282897023858	2.10500345666694	3.78123845783719	2.56965460750793	5.05695954000735	2.48730493249942
229	2.15139223302073	1.21975134056813	3.22940983569801	2.00965849512988	1.40831009196236	0.201742534659097	2.64452919949794	2.44278666483884	3.68008273511349	1.87304368156648	4.76726426447474	2.89422058290826
207	2.41151052717246	1.44756637509036	3.45011447131164	2.00254809622128	1.69537957723691	0.47787747296669	2.95519704730837	2.47731957434168	4.16004561453885	2.83434096741551	5.40282559627845	2.56848462886293
286	1.11355505506202	0.110598621148844	2.18645924638397	2.07586062523513	2.24790835389624	1.04226646782954	3.1942607201422	2.15199425231265	3.37441126023713	2.15450678839778	4.51932738984066	2.36482060144287
185	1.33351139189757	0.356768196426511	2.27214520622456	1.91537700979805	0.921868805323859	-0.202231396327223	2.29633986171335	2.49857125804057	2.27145584094483	0.929076537049571	3.67314084116589	2.74406430411632
46	1.74257263918363	0.833997159518683	2.8067908133147	1.97279365379601	1.75231319293466	0.328330290986706	2.95427238676354	2.62594209577683	3.52250255661477	2.22714945880454	4.63914634504244	2.4119968862379
181	2.48707633307464	1.42305813376973	3.44734830326845	2.02429016949871	1.14045723204034	-0.278213080242268	2.19818711272908	2.47640019297135	3.63478760975832	2.12264794042361	4.80777486336146	2.68512692293785
107	1.69993872948282	0.645263861956098	2.68104132985145	2.03577746789535	2.28369004934952	0.899114950575236	3.57371396394734	2.67459901337211	3.89119653298746	2.22745181429703	5.20768579856011	2.98023398426308
133	1.82723773538523	0.826278221402346	2.75243869503299	1.92616047363064	0.286448799740273	-1.08581625347096	1.48511160208478	2.57092785555574	2.12582330924225	0.798475241279083	3.23152432819474	2.43304908691565
279	1.42047140759209	0.36742968718119	2.35793968289853	1.99050999571734	3.24247859953239	1.82240416066065	4.4984283101066	2.67602414944595	4.63891966556292	3.21092130667257	6.05019334600624	2.83927203933366
203	1.3750956706988	0.436330649110632	2.36079231900942	1.92446166989879	0.87954321460837	-0.264298376370408	2.04809966720102	2.31239804357143	2.28619179386003	0.769384790422287	3.50202207048632	2.73263728006403
272	1.24272187516174	0.151943091561289	2.33049858117365	2.17855548961236	1.56355937556017	0.239280868333767	2.69574491342907	2.4564640450953	2.8319858962019	1.44015539317742	4.20621460704946	2.76605921387204
190	2.17048427566152	1.19179767740637	3.12803614713219	1.93623846972582	1.2949007767025	0.291493147437205	2.70760344797579	2.41611030053858	3.55221509807954	2.27958126952599	4.9150742725441	2.63549300301811
291	1.64885972548702	0.778916153014129	2.46179404670796	1.68287789369383	2.59105046730748	1.42652362323382	3.81167046431578	2.38514684108195	4.23845346766166	2.74556589232351	5.55330125742837	2.80773536510487
232	2.99438584230826	2.14718091805083	4.14208388877365	1.99490297072282	1.6852111504909	0.445025361373448	2.84922805168766	2.40420269031421	4.73949528557255	3.43502348063077	6.05628252493751	2.62125904430674
64	1.46848698576621	0.459622287485436	2.51804391141421	2.05842162392878	1.40245905643223	0.261629077383383	2.66084663563421	2.39921755825082	2.79866414863189	1.66855714649441	4.04420219591175	2.37564504941734
293	2.66852941375015	1.62815398027175	3.9670861800984	2.33893219982665	1.15752226741244	-0.308650974774345	2.51761006987473	2.82626104464907	3.91404717004714	2.5179636659737	5.28207840544253	2.76411473946883
285	2.09727296133245	1.07328366579112	2.92948227566328	1.85619860987217	1.94655978555669	0.551126241711766	3.40124390340135	2.85011766168958	4.07362576234505	2.60073653472921	5.41684215919749	2.81610562446828
89	2.02603514503186	1.13452397055355	3.04466986237731	1.91014589182376	1.60191829139576	0.424589148641444	2.8147097530691	2.39012060442765	3.64747999277064	2.52247558280745	5.17725958549225	2.65478400268481
357	2.10820764543362	1.32558832222364	3.15857504155611	1.83298671933248	1.69678237364818	0.276449816573625	2.82015504457006	2.54370522799644	3.83098683074974	2.44307109609836	4.96158826390262	2.51851716780426
221	1.15464018574372	0.419070635001766	1.87224305578272	1.45317242078096	1.51234715784005	0.294863845038298	2.9381701015647	2.64330625652641	2.63840106193494	1.30061661865942	4.28375574052219	2.98313912186277
170	1.49462378273615	0.541341581044063	2.44922981451759	1.90788823347353	2.00939191735803	0.716249705783175	3.27707072570047	2.56082101991729	3.49948971777458	1.92314572994172	4.94359051269888	3.02044478275716
198	1.56775355522826	0.6840007359445	2.5132869924413	1.8292862564968	1.8897004645877	0.817111809388736	3.1772368016285	2.36012499223976	3.53188240542062	2.01951720502363	4.78305168797562	2.76353448295199
294	1.62265981150269	0.494857735570935	2.80330029610994	2.30844256053901	1.93019676850284	0.916558822375952	3.06259681637887	2.14603799400292	3.56700989915849	2.30565524792919	4.68882608604564	2.38317083811645
6	1.56199056883498	0.626253166600851	2.54068892212795	1.9144357555271	1.57485187518871	0.253831344580516	2.83994951332613	2.58611816874561	3.12443929578015	1.80675984518921	4.64125159692958	2.83449175174037
256	2.7472107915732	1.89413526152129	3.86563009913194	1.97149483761065	1.54709082487569	0.527365224011139	2.91099551617012	2.38363029215898	4.39084733842753	3.02717911960401	5.58976382107866	2.56258470147465
213	2.07878592972339	1.20348846402937	3.04464053611453	1.84115207208516	1.13536609364867	-0.0188944647268088	2.06470643591339	2.0836009006402	3.24630867940509	1.90841080545499	4.44840220368165	2.53999139822666
68	1.2747162644554	0.286048331355199	2.27589985999126	1.98985152863606	1.92895706472535	0.565560802848912	2.98576207715434	2.42020127430543	3.12378974909263	1.86155987280817	4.39550843607555	2.53394856326738
147	1.30748360409905	0.462894980744498	2.42155839558977	1.95866341484527	2.0837827223385	0.869398682768071	3.17549389555853	2.30609521279046	3.41698527445683	1.97945342720639	4.73663799974526	2.75718457253886
187	1.53432972765165	0.664365531635405	2.55909085407258	1.89472532243718	2.72522862753033	1.51547398653917	3.80891405306146	2.29344006652229	4.22632601950951	3.05351295568548	5.40571163839583	2.35219868271035
317	2.31478839820828	1.30115930164649	3.28399198377416	1.98283268212767	1.75626122056405	0.623510859639771	3.00586122734884	2.38235036770907	4.08146518709274	2.85146079583056	5.37652108368198	2.52506028785142
263	1.88791904177753	1.11633267122786	2.89092362233917	1.77459095111132	1.85526310479815	0.702446846750214	2.97367313622958	2.27122628947936	3.79984260773122	2.42998478152749	5.03100334822774	2.60101856670026
346	2.03730655054552	1.11729575617307	3.16243601390118	2.04514025772811	1.59547926182493	0.571970742801116	2.88488577732768	2.31291503452657	3.69031770652346	2.18575156136876	5.06697526230499	2.88122370093624
143	2.55181182859599	1.5611640556072	3.75941836869901	2.1982543130918	1.04082173059635	-0.392212581823077	2.27311569975911	2.66532828158219	3.68749277102861	2.39433919078009	4.97752580775763	2.58318661697755
289	2.31600125770436	1.22480105747165	3.49370623835326	2.26890518088162	1.60793115640868	0.371989237381113	2.98805761036436	2.61606837298325	3.95852707607615	2.59283648785546	5.24919644024521	2.65635995238975
131	2.26946781390653	1.12454498060448	3.29039332660143	2.16584834599695	0.704328855303414	-0.445052557096929	2.04478192555674	2.48983448265367	2.96670038323642	1.49498732928234	4.32002774380785	2.82504041452551
247	2.46691842679179	1.56927891249044	3.53036346652952	1.96108455403909	1.93600760894932	0.695450267914369	3.33023398218143	2.63478371426706	4.40950415815172	3.35174815853107	5.73944886678648	2.38770070825541
173	2.06015497899745	1.03500695936288	3.04579635035767	2.01078939099479	0.966590333892896	-0.250128016016455	2.02807607799145	2.2782040940079	2.95723660373908	1.88177530384901	4.37764441419517	2.49586911034616
186	1.95192085519737	0.930585028101822	3.02051622905029	2.08993120094847	1.41156187132914	0.213037823194922	2.62873213298413	2.4156943097892	3.37947367827765	2.03958566730063	4.60878664251853	2.56920097521791
266	1.80012517022389	0.721198594141972	2.77611843190685	2.05491983776488	1.8281405773916	0.525904268403604	3.0995154591734	2.57361119076979	3.75121978544731	2.03493423029635	5.14764754957517	3.11271331927882
441	1.68584565494983	0.658882554222077	2.64966604421485	1.99078348999277	2.67708940620824	1.41049487604066	3.9576678854307	2.54717300939004	4.32536243265685	2.91464757839546	5.84332434710783	2.92867676871237
109	2.15623727560532	1.09802980371462	3.21928077354384	2.12125096982922	2.67902409882585	1.27525900954985	4.17546468829721	2.90020567874736	4.84629058162738	3.38905327631934	6.12527134559807	2.73621806927874
230	1.8653265403464	1.1416311943353	2.88614774818045	1.74451655384515	1.98429924340655	0.726351205069322	3.16707230591961	2.44072110085029	3.84972684728968	2.56299798009935	5.13089271650848	2.56789473640913
313	2.23014212554556	1.19401977009665	3.1845455120734	1.99052574197675	1.57771737510818	0.307494875334081	2.70432457615303	2.39682970081895	3.66492276223779	2.37885403513735	5.18075632780548	2.80190229266813
65	1.88705622287611	0.938952015828	2.85498522294802	1.91603320712002	1.96429875567059	0.68619509038017	3.09763292227187	2.4114378318917	3.76743954814911	2.4477555988528	5.10893848514634	2.66118288629354
312	2.37414140980651	1.42151660108448	3.15952503206847	1.73800843098399	1.2406659342199	0.184754286921719	2.65023733502747	2.46548304810575	3.61113633457664	2.21163289460565	4.95730140957877	2.74566851497313
449	1.44235582559682	0.703889382646275	2.19502794135459	1.49113855870831	1.18655620061958	-0.14601519648107	2.4033039366332	2.54931913311427	2.72297176896437	1.01205151645109	4.16263445077498	3.15058293432388
264	2.26881747898751	1.23768895210385	3.35974008765701	2.12205113555316	1.15577601318027	-0.0718687215279133	2.34532493865832	2.41719366018624	3.36322597604089	2.10703012842713	4.65059913859437	2.54356901016724
63	1.48588913468898	0.520837431211016	2.3550838067357	1.83424637552468	2.30860709011657	0.971636839328521	3.69369200424969	2.72205516492117	3.74972566596973	2.37532611321979	5.13089358818562	2.75556747496583
202	2.05378631260967	1.19621730147414	2.94568511739336	1.74946781591922	1.45805957543599	0.273319048658208	2.57894749890169	2.30562845024348	3.54647151068127	2.0305079184689	4.99718706921602	2.96667915074712
239	1.50509308237388	0.553349149586336	2.39748778467478	1.84413863508845	1.62796493825839	0.295850586520749	3.34872041847437	3.05286983195362	3.14774066938684	2.04353780147232	4.84478649975957	2.80124869828725
270	2.24250192278239	1.17167493136619	3.34670060448904	2.17502567312285	1.10496199234094	0.00314986495608892	2.23797509762195	2.23482523266586	3.44900659624847	2.09956403217468	4.66272995922448	2.5631659270498
195	2.17745294741313	1.21583105222298	3.41013747781525	2.19430642559227	2.39747295975417	1.16348565100814	3.55948165823117	2.39599600722303	4.65783749318215	3.33398195385024	6.03577503067462	2.70179307682438
355	2.30462263442873	1.54259455265058	3.31529864075519	1.77270408810461	1.99523979531391	0.983204268274083	3.17350396385409	2.19029969558	4.33597839944144	3.37480436585881	5.48589410497824	2.11108973911942
108	2.18482808321171	1.16454539006627	3.23614540739612	2.07160001732985	1.67296368276104	0.375521226651394	2.95024617579622	2.57472494914483	3.84810328191318	2.3271331788813	5.26666498068378	2.93953180180248
349	1.32083360005031	0.313419079686959	2.50964489612144	2.19622581643448	1.68036502854727	0.391026093634932	2.94051175852234	2.54948566488741	3.04605353338718	1.79744704068811	4.31682380737563	2.51937676668752
276	1.98363767863653	0.954776796930338	2.93122488397944	1.97644808704911	1.04555125803059	-0.176945098332111	2.26309111479012	2.44003621312223	3.00877946673962	1.68733291476476	4.31638483768915	2.62905192292438
128	1.93861419605227	0.967401100489565	3.12062145359365	2.15322035310409	2.04746277040978	0.785083062971512	3.42631421876696	2.64123115579545	3.9833099991915	2.67294823044032	5.58021815361293	2.90726992317261
344	1.62024823680592	0.600352563427336	2.63563136151254	2.0352787980852	1.8467652365567	0.746874227552542	2.92824831443872	2.18137408688618	3.52741692403458	2.25704365711865	4.65644325545933	2.39939959834069
42	3.02143140895918	1.87349557808082	4.28191590470719	2.40842032662638	0.907586481372964	-0.324489531389287	2.24196785570086	2.56645738709015	3.92944227333784	2.72258327776343	5.26976673085722	2.54718345309378
363	1.64848195741821	0.566837468499181	2.7912581108236	2.22442064232442	1.65114053417277	0.385529485797362	2.97764827290046	2.5921187871031	3.22908889426709	2.12927219860602	4.61305085960944	2.48377866100342
267	1.8413506913832	0.767728027427607	2.99294869373848	2.22522066631087	1.75434611061586	0.352865676662752	3.16822716972076	2.815361493058	3.60147733466216	2.11401061175601	5.0028765551442	2.88886594338819
231	1.67044723453273	0.764560524536195	2.78141115814122	2.01685063360502	0.90746610926826	-0.266841373675092	2.29795347586579	2.56479484954088	2.66581366875244	1.23526249611367	3.88120576806763	2.64594327195396
421	3.11331673150691	2.10127001937527	4.15234660889252	2.05107658951725	1.45964950414117	0.245660618113755	2.70615379152594	2.46049317341219	4.59417209011828	3.47552925148948	5.84528420419	2.36975495270052
226	1.916960807756	0.998389996686454	2.72609837690412	1.72770838021767	1.39517830304868	0.244508312871265	2.42470650481292	2.18019819194165	3.32847043763311	1.97781363611465	4.65379370055564	2.67598006444099
70	2.6744489034397	1.69798124244447	4.04000246592486	2.34202122348038	1.37294235744886	-0.0178954208953767	2.80525409483537	2.82314951573074	4.1068536249321	2.82160869819587	5.74246337932864	2.92085468113278
79	2.4711465600111	1.32450873494768	3.59538270484569	2.27087396989801	1.86787747677021	0.421560960594371	3.16862574851615	2.74706478792178	4.33816189511991	2.90341994085132	5.5290170012937	2.62559706044238
156	1.56776569515753	0.780287004905351	2.5099770814384	1.72969007653305	1.59250800666304	0.350143240287126	2.69517430998945	2.34503106970232	3.14496018558992	1.95372468965422	4.33245334091529	2.37872865126108
220	1.42302422331371	0.610068070570227	2.47292765106098	1.86285958049075	1.31648742707752	-0.282701056647659	2.52023484828485	2.80293590493251	2.7483084343526	1.3699460737264	4.07304975305124	2.70310367932483
210	1.87323683701674	0.896489510370832	3.01691198133644	2.12042247096561	2.03281064805314	0.66442858854771	3.54836337827416	2.88393478972645	3.96383482316367	2.61831042237838	5.48605430502988	2.8677438826515
206	1.09143818773166	0.149203370162762	2.13540107215351	1.98619770199075	3.2929825762045	1.9914850278042	4.32245412144788	2.33096909364368	4.44811871378321	2.93000865510772	5.59679365962087	2.66678500451315
307	1.93018493264473	1.01236474584123	2.9453118646191	1.93294711877787	1.29179043964244	0.0986868585529046	2.62603246459382	2.52734560604092	3.25285183491519	1.97586881969845	4.50412212181285	2.5282533021144
278	1.68797835299182	0.79745678281208	2.72014137856581	1.92268459575373	1.51195148843122	0.359291532932405	2.48291887959223	2.12362734665982	3.19441439861317	1.85880327311792	4.49246740966503	2.63366413654711
159	1.75628776197043	0.972378415919354	2.96324912544002	1.99087070952067	1.72734625648997	0.492923134587928	2.83460005719498	2.34167692260705	3.56329671213512	2.24170250966066	4.87719836390609	2.63549585424544
319	1.51523837873294	0.506559657761676	2.67462420766532	2.16806454990364	2.04528796123357	0.418157533936692	3.33462427948498	2.91646674554829	3.5895736730701	2.04428094232845	4.68623065253252	2.64194971020407
305	1.75049724326051	0.963982665984875	2.36965304546269	1.40567037947782	2.44271575777108	1.04690876784914	4.15845647325982	3.11154770541069	4.1696185782885	2.53813955879881	6.32295119615145	3.78481163735264
182	2.18160637861304	1.07620593606536	3.17597288515027	2.09976694908491	2.73716369571593	1.52359538716526	4.08020203500673	2.55660664784148	4.93691338986469	3.39074713596994	6.38512865311216	2.99438151714222
111	1.63012292072062	0.754206215115851	2.55102583628838	1.79681962117252	1.44731774006959	0.247854525494846	2.44996576162216	2.20211123612732	3.08052479088795	1.78031224636456	4.41030845224108	2.62999620587652
62	2.26219629337478	1.20186103126067	3.33364806434146	2.13178703308079	0.865763432072507	-0.56402871455593	2.15136812292504	2.71539683748097	3.15290077146186	1.68100596586272	4.79821857633707	3.11721261047435
56	1.66424097236394	0.626613175046872	2.69721962146837	2.0706064464215	2.22740177963692	0.773926901337465	3.77687125264237	3.0029443513049	3.97088128340064	2.05993232138761	5.28415134350813	3.22421902212052
297	1.84500346071051	0.918744558511163	2.98881044637979	2.07006588786862	1.75657260714439	0.303081514281943	3.06876811257268	2.76568659829074	3.66114692240952	2.15009942571552	4.97214773013413	2.82204830441862
438	1.38671716625389	0.594461944264342	2.27633722716865	1.6818752829043	2.29817208489624	1.14703206182348	3.35003566514124	2.20300360331776	3.67284559551683	2.46518928821015	4.90593864505212	2.44074935684197
125	1.20978694879828	0.378090804033748	2.43293869302913	2.05484788899538	1.50343701896913	0.360944905766471	2.78360268311308	2.42265777734661	2.76561630434726	1.65948881167655	4.29522413807126	2.63573532639471
118	2.10123486464763	1.02554099877184	3.27818641346921	2.25264541469736	0.976800660619287	-0.19218412776936	2.14928633614526	2.34147046391462	3.14819335324224	1.74828594331163	4.38361174352082	2.6353258002092
194	1.29288744199405	0.387911650213982	2.4468943395674	2.05898268935342	2.1826955102172	0.974622128918141	3.51956951416866	2.54494738525052	3.57858027031484	2.33696266748556	4.69243436684218	2.35547169935662
61	2.36841816278236	1.48812708333459	3.42456039414121	1.93643331080662	1.62469719168062	0.33548802848499	2.78671609938298	2.45122807089799	3.99291546958165	2.77369176768095	5.31309440922177	2.53940264154082
295	2.45245415905853	1.34128793238417	3.38921084482794	2.04792291244376	1.18619842620894	-0.0707422865118943	2.60392298170225	2.67466526821414	3.59782753526752	2.32822390965363	5.07396268464166	2.74573877498803
209	2.16596572037587	1.03475305934806	3.26708972380613	2.23233666445807	1.25257341355668	-0.352266652331293	2.39191060773909	2.74417726007038	3.39197987470294	1.99618664544561	4.71343100218634	2.71724435674073
347	2.01819021421408	1.1125285467937	2.97526780824511	1.86273926145141	0.389907032135788	-0.691381426740342	1.69516669422265	2.38654812096299	2.52805435769177	1.23734781663999	3.84318724619679	2.6058394295568
115	1.71641201263483	0.46720534159105	2.9353898895465	2.46818454795545	2.84803588680416	1.1705251601113	4.05130370271632	2.88077854260502	4.49569201915099	3.0937493374979	5.81720255471704	2.72345321721914
168	1.63770386153219	0.609506344658719	2.53012461213098	1.92061826747226	2.54859656837796	1.44616495105936	3.93806355294149	2.49189860188213	4.20146879657449	2.69536576344171	5.58067117257269	2.88530540913098
7	1.34952572005096	0.27688341954559	2.46737922974926	2.19049581020367	2.61655074007877	1.2887250369474	3.73181059096671	2.44308555401931	3.92645206637334	2.34954927560676	5.2869633134363	2.93741403782954
188	1.17033550631357	0.117639104968396	2.42194254645807	2.30430344148968	1.68563902830785	0.201260567362156	2.9289106571703	2.72765008980814	2.90592268610414	1.04201956848871	4.54836329978744	3.50634373129874
364	1.13031138443106	0.130991883183469	2.06385913422614	1.93286725104267	1.21894571501771	0.00804574716034869	2.47052467281395	2.4624789256536	2.36875735681605	1.09567954260362	3.65141869204407	2.55573914944046
384	2.08529822744488	1.32679251806699	3.14504494701922	1.81825242895223	1.91102547970302	0.597106176074811	3.0906436396124	2.49353746353759	4.08832495185933	2.75715386148919	5.5922129505059	2.83505908901671
191	1.07568488929705	0.0705189603729952	2.0801515622607	2.00963260188771	2.02193230189267	0.567318438001616	3.19646598114897	2.62914754314735	3.07705856005656	1.5934454094885	4.35755487297219	2.76410946348369
224	1.25819251556972	0.486610689810423	2.33371584043962	1.8471051506292	2.18666682280149	1.0695210013138	3.36387673602741	2.29435573471361	3.48137136470107	2.05356683204773	4.91683690253761	2.86327007048987
151	2.01536571117577	1.06648280426144	2.94177299578891	1.87529019152747	2.21712934611751	0.812020869874026	3.56833564061013	2.7563147707361	4.14942744411499	2.848614693012	5.69341475440919	2.84480006139719
345	2.56841473843181	1.60544011305533	3.5057235286574	1.90028341560207	1.30322515758159	0.139605647235452	2.71084044966235	2.5712348024269	3.83499208800681	2.83735733774581	5.26044114172657	2.42308380398076
110	1.40184541094228	0.407206603885771	2.42438955319147	2.0171829493057	0.581895375020798	-0.971006731191427	1.9885758986812	2.95958262987263	1.97700282359794	0.516754916903485	3.30125199281188	2.7844970759084
116	1.39380384146215	0.547000659817126	2.52863774577967	1.98163708596254	1.88585716756422	0.504507957917715	3.18819686612585	2.68368890820813	3.39913854473512	1.78834518272044	4.71458679385872	2.92624161113828
271	1.38541261653745	0.347468743929876	2.29220046717164	1.94473172324177	1.4031386189095	0.0749576715252756	2.65318850928334	2.57823083775806	2.70356125834417	1.49718271460968	4.28953851212782	2.79235579751814
197	2.21671838651458	1.16727113469232	3.23356727527253	2.06629614058021	1.06155958658942	-0.370369151631711	2.39685630953795	2.76722546116967	3.2751191277952	1.91156374214635	4.51604797110551	2.60448422895916
327	1.80933515460959	0.806763401608897	2.84224793074008	2.03548452913118	1.3845284355499	-0.130758495012061	2.63150911624559	2.76226761125765	3.20467489129529	1.70848110867727	4.5449185234279	2.83643741475063
248	1.59990862574356	0.656886974975178	2.7618589406667	2.10497196569152	1.81598233131277	0.562791711484799	3.1085003813854	2.5457086699006	3.39490876506406	2.24709835724676	4.9593112813224	2.71221292407565
437	2.0831821179277	1.29596820988303	2.94864935140028	1.65268114151725	2.01979961662345	0.829844703546656	3.14209404129568	2.31224933774902	4.14033865733956	2.90797670620947	5.37881661863041	2.47083991242094
265	2.52505414930594	1.56795798719956	3.75476294283377	2.18680495563421	1.16839024709685	-0.140414177130854	2.59426410209781	2.73467827922866	3.76519973227563	2.30535547680571	5.1193823858414	2.81402690903569
158	2.33947897332619	1.31565816014481	3.53909858536392	2.22344042521911	1.30653477950896	-0.14046773814801	2.75909956004216	2.89956729819017	3.65093188677962	2.39526192968994	5.10568999508071	2.71042806539077
316	1.54082524383202	0.543827254968811	2.32862746867979	1.78480021371098	2.11771178413767	0.871048061724086	3.83635908792374	2.96531102619965	3.61567401461166	1.96240090488681	5.46592753518648	3.50352663029967
244	1.6379881800722	0.725124155180153	2.6445283533156	1.91940419813545	2.27435282626759	1.02940428681937	3.53267930718428	2.50327502036491	3.93134023787666	2.52502145669341	5.73618005260188	3.21115859590847
69	1.92168243883522	0.948329225945612	2.84997646437175	1.90164723842614	1.78965317721308	0.496007298184683	2.87139572910902	2.37538843092434	3.65287788498678	2.55385550264869	4.90080347181406	2.34694796916537
241	1.66136809949695	0.773944519187858	2.77502451863831	2.00107999945045	1.58778344006041	0.419338171255156	2.84433683143688	2.42499866018173	3.2948631419797	1.96133226398226	4.6729525678839	2.71162030390164
85	1.69296189570913	0.740437545306297	2.75608313864533	2.01564559333903	1.82192089896067	0.473767651331461	2.86459059203198	2.39082294070052	3.47422797575784	2.23720444240018	4.8665392102093	2.62933476780912
59	2.54065831019538	1.61761725752674	3.52415048966762	1.90653323214088	1.26105303707868	0.00509584412008901	2.48311130166102	2.47801545754094	3.86611158164099	2.60198732838092	5.32989668257971	2.7279093541988
311	1.527035573697	0.683888469610118	2.62449469727768	1.94060622766756	1.74626845189911	0.475599513684159	2.91581679753571	2.44021728385155	3.33700354887237	1.9991153762551	4.50646992391024	2.50735454765514
341	1.58041240691858	0.73593281159241	2.65802348419618	1.92209067260377	1.20458988748301	0.0859883936716435	2.37933356027946	2.29334516660782	2.89208552602498	1.68082692749165	4.22840579830684	2.54757887081518
250	1.66455688236711	0.717001230535663	2.52691485151144	1.80991362097578	2.66523780648086	1.12429299968052	3.91703805910677	2.79274505942625	4.29751205707157	2.66326045361469	5.70576774627515	3.04250729266047
446	1.95502092572178	0.827487282706314	3.01509090283095	2.18760362012464	1.06361933553334	-0.252603028468933	2.25177771978314	2.50438074825207	2.94591785125441	1.71125694834103	4.32321124867698	2.61195430033595
323	2.35153345794504	1.52895953185202	3.46600095892948	1.93704142707746	1.68086033059048	0.406318026367814	2.93430364260883	2.52798561624102	4.08863933711877	2.84891244428581	5.46394754715995	2.61503510287414
281	2.3557820457485	1.39383467040701	3.27861629645677	1.88478162604976	1.17321232325334	-0.208682841461488	2.36167140052258	2.57035424198406	3.52603414303176	2.18924343023619	4.86439207576669	2.6751486455305
218	1.23911270895074	0.356496416241305	2.32011051281454	1.96361409657323	1.88444840026672	0.7455086711686	3.14952530490106	2.40401663373246	3.12477202224323	1.80437698833192	4.61395197800833	2.80957498967642
155	1.05345881754832	0.300298249393305	1.93970416379552	1.63940591440222	1.49825635042478	0.277280217318204	2.67859728857548	2.40131707125728	2.58570453684199	1.13346339648103	3.70041496635001	2.56695156986898
284	2.57788321105041	1.53968434401298	3.74500862292433	2.20532427891136	1.32466008153174	-0.386549372581439	2.48140953174175	2.86795890432319	3.8612895777168	2.32381248878894	5.30856389050497	2.98475140171603
149	2.55673022901155	1.55524972559657	3.65990822154243	2.10465849594586	1.5998669250656	0.361885161975713	2.82043294727861	2.4585477853029	4.19965251784695	2.65072499909476	5.26347642820821	2.61275142911345
336	1.69670053422758	0.661057550883249	2.72943252964011	2.06837497875686	1.58411673790251	0.382340061725356	3.07146170064241	2.68912163891705	3.30599271766751	2.04986082521151	4.91003646382183	2.86017563861032
205	1.15727656504149	0.132335048061208	2.08941624815104	1.95708120008983	1.80426032460942	0.521723724823194	3.11239332516832	2.59066960034513	2.95823159898156	1.56166897864352	4.26966575920053	2.70799678055701
331	2.01260464122936	0.89989935527734	2.93300342177059	2.03310406649325	2.45877652167595	0.903486910227365	3.56713647215319	2.66364956192583	4.49571271784696	2.87220437623106	5.89597182307686	3.0237674468458
175	1.6860210217257	0.534318258363877	2.76780448740131	2.23348622903744	1.91711676923918	0.641116091881181	3.34102440342379	2.69990831154261	3.61751161729395	2.05132528742072	5.16937042958607	3.11804514216535
308	1.43885094026729	0.416600678214959	2.39432102282628	1.97772034461132	1.69387361502436	0.533131617178614	2.8943075320599	2.36117591488128	3.1083831005968	2.00937237433472	4.41696684670688	2.40759447237216
370	2.04359573540026	1.20571886471783	2.99268670016126	1.78696783544344	1.99417568152167	1.08582332086174	3.06151735751394	1.9756940366522	4.09175128570191	2.83002254104437	5.25832177438581	2.42829923334144
479	1.61191986700562	0.645494814400203	2.8603559268435	2.2148611124433	1.86846503461819	0.858611344282024	3.11407504936009	2.25546370507807	3.58899865642053	2.49076304779368	4.94115609991827	2.45039305212458
277	2.22886635971701	1.38553041314768	3.26204176359456	1.87651135044687	1.2914337924267	0.239884172241436	2.31736034116095	2.07747616891952	3.58527987483943	2.44662121513879	4.63135089468557	2.18472967954679
275	0.896550630783987	0.124073705989384	1.79116005626161	1.66708635027223	3.09897491043435	2.04596735481707	4.18382297784744	2.13785562303037	4.00594476039091	2.93522979978967	5.20652876335286	2.27129896356319
139	2.45890179504745	1.2836913823124	3.68453425752608	2.40084287521367	1.0731733653899	-0.0836973747211748	2.38587023845417	2.46956761317534	3.49329687896066	2.28756741183834	4.86787406888069	2.58030665704235
298	2.19830970491381	1.11337820340329	3.35622050645333	2.24284230305005	2.39271146707301	0.93917248341895	3.42807688731241	2.48890440389346	4.62174949533463	2.87454731419491	5.92850552843286	3.05395821423795
243	2.35300298351083	1.36715976968102	3.32462819613954	1.95746842645852	1.6510853418731	0.338413461806272	3.02426031652386	2.68584685471759	4.00055540504793	2.5160446734522	5.39371406510995	2.87766939165774
410	1.49367396374091	0.616048127007323	2.49962086921417	1.88357274220685	1.92078768389491	0.656381801047449	3.28574002422807	2.62935822318062	3.48242298789735	2.21288516552022	4.75939849191484	2.54651332639461
332	1.17073529053324	0.225505271406072	2.15048230271513	1.92497703130906	2.8507133774251	1.58423966256441	4.09264462511848	2.50840496255407	4.08237316295967	2.47193123460865	5.34927634595745	2.8773451113488
351	1.54576530682886	0.593958007110108	2.50919502665137	1.91523701954126	1.51400288495581	0.535655579247471	2.5773548569997	2.04169927775223	2.9387594573894	1.74628858792623	4.48354452850555	2.73725594057932
255	2.53774615912387	1.4448123030916	3.59874291382066	2.15393061072906	2.59889570255141	1.42462428358704	3.596193401068	2.17156911748097	5.10953521952673	3.56661494409039	6.25683735013346	2.69022240604307
320	1.54458609214673	0.564243773120395	2.55997347596918	1.99572970284879	1.67226371426433	0.518964723553351	2.99228035620915	2.4733156326558	3.28636362178295	1.82208297192308	4.62290962204981	2.80082665012673
301	1.93928830945599	0.992030391936855	3.07105385347223	2.07902346153538	1.9809216707303	0.789813157637753	2.92657421815282	2.13676106051506	3.94285459664697	2.76859724809125	5.42682826917442	2.65823102108317
321	1.78067180180396	0.722719593863364	2.91300982793884	2.19029023407548	2.54469828624202	1.51399886315178	3.80670785386291	2.29270899071113	4.34230897114772	3.18496740848708	5.9471336711495	2.76216626266242
367	1.51011007026666	0.670019598958606	2.53585244233254	1.86583284337393	1.4954919648544	0.193696709881694	2.89307711986148	2.69938040997979	3.07580410523982	1.56857784236832	4.26447210223721	2.69589425986889
199	1.7136190690285	0.977389293577999	2.60379263135478	1.62640333777678	2.80458293309925	1.58059418627698	4.17964200574736	2.59904781947037	4.56625640057027	3.31683029818651	6.08657304345728	2.76974274527077
382	2.27181222771606	1.34074521198147	3.27489008040389	1.93414486842242	1.95934811242851	0.76329273177546	3.19823491111949	2.43494217934403	4.30261157922272	3.19747035347135	5.31460469239948	2.11713433892813
389	1.65773672495318	0.51471938557551	2.7226935607739	2.20797417519839	1.83606909643022	0.600452174504769	3.07250964956169	2.47205747505692	3.5596705020044	1.99288709188231	4.7602062241848	2.76731913230249
134	1.71404160249525	0.757136834995226	2.72003265706861	1.96289582207338	1.53438216651132	0.229854953548716	2.9822996507081	2.75244469715939	3.1709178154361	1.96644412101508	4.7736779453856	2.80723382437052
481	2.64457829430489	1.5816153227171	3.67087862699351	2.08926330427641	1.034178623929	-0.335045184827718	2.37968349762608	2.7147286824538	3.65786111045499	2.11992173190923	4.92596778032804	2.80604604841881
333	2.81194511486232	1.6192960257613	3.87122926149936	2.25193323573807	1.83410539785621	0.500855744642456	2.90300068801843	2.40214494337597	4.55783161941586	3.0643082554493	5.83078739592276	2.76647914047346
451	2.73380584508891	1.66544821132821	3.79686601987517	2.13141780854697	1.19994682590982	-0.152059924195188	2.47896476106909	2.63102468526428	3.89898052148324	2.53043155318882	5.36163709164968	2.83120553846086
304	1.92482389206128	0.861139491248183	3.15945616704495	2.29831667579676	2.17297035003595	0.788416643354134	3.58541272444947	2.79699608109533	4.11405971689816	2.44570363415123	5.43973629652753	2.9940326623763
292	2.20599154510798	1.16001641645949	3.4766456970303	2.31662928057081	2.04174620126584	0.698678063688839	3.05950839751958	2.36083033383074	4.19783311387206	2.91552324084997	5.58590413956971	2.67038089871974
411	1.34489858644748	0.383955999151285	2.33203548260972	1.94807948345843	2.06118505859929	0.968230565310741	3.21865857781051	2.25042801249977	3.47327292214854	2.08424329337148	4.79916974109659	2.71492644772511
428	2.18631363669845	1.06024320702055	3.3645500070415	2.30430680002095	1.81959469776089	0.574325341692676	2.88133171871819	2.30700637702551	4.06470432804183	2.79105510679195	5.21185303992447	2.42079793313252
368	1.7237914869729	0.975551482244036	2.61573642691811	1.64018494467407	2.72987750518856	1.72623829446833	3.98922716662166	2.26298887215332	4.47498689678672	3.29238693128334	5.86907238528488	2.57668545400154
436	1.727682882331	0.630157765017854	2.70657541785965	2.0764176528418	2.02747180120758	0.702507121378264	3.29278561019458	2.59027848881631	3.7190715050725	2.30298569632019	5.03528116804022	2.73229547172004
473	2.2606379647049	1.16298644053112	3.09375764029534	1.93077119976422	0.932351184173495	-0.0911983579264777	2.1334430288315	2.22464138675797	3.1941828594346	2.01439187883221	4.36444120626864	2.35004932743643
144	1.85820261870071	0.909760845846643	2.88688566327407	1.97712481742742	1.75010548457572	0.512259105242063	3.08561570846908	2.57335660322702	3.69459915706606	2.04742587723341	5.0069049164743	2.95947903924089
334	1.41814741694943	0.490833794427639	2.54806627133549	2.05723247690785	1.63154057341508	0.196264306750773	3.07763766681048	2.88137336005971	3.14910898452532	1.52398426916841	4.43986807897899	2.91588380981057
299	2.17686617810215	1.36827499734979	3.2911660688027	1.92289107145291	1.86387137748099	0.622541152024778	3.04720951093217	2.42466835890739	4.14286777993961	2.73440424732851	5.73901679385388	3.00461254652537
137	1.42600052268307	0.37094537462664	2.52748812813537	2.15654275350873	1.38734576489643	0.395606698923968	2.78695177301184	2.39134507408787	2.90173667779515	1.61421564435688	4.31347522065829	2.69925957630141
325	1.60234369480454	0.685498435288397	2.66595938042186	1.98046094513346	1.13095639043157	-0.143257191120827	2.42726180455197	2.57051899567279	2.71111840123257	1.54961209420189	4.31851857183464	2.76890647763275
340	1.7732139650611	0.557661922284431	2.71913648913923	2.1614745668548	1.37145481139548	-0.0613358676204026	2.75503466394041	2.81637053156081	3.17939988999129	1.47476119006111	4.70865272074797	3.23389153068686
474	1.73238489551307	0.594962953686424	2.74567995186684	2.15071699818042	1.60771556125059	0.52720256161316	2.83578755075669	2.30858498914353	3.34332205874847	1.92512103092522	4.76232489820546	2.83720386728024
439	1.58313991484173	0.39606869594886	2.83854596460146	2.4424772686526	1.549170632261	0.258992953708078	2.78207596955202	2.52308301584394	3.15352927928936	1.48952288624242	4.60828464862858	3.11876176238615
430	2.13780674133153	1.29340967931816	2.97231960360036	1.67890992428219	1.25631167113278	0.0737204919640013	2.45408026693853	2.38035977497453	3.31226285325784	2.05740840316115	4.67040219322906	2.61299379006791
423	2.48391127736973	1.69708184294943	3.67308654195174	1.97600469900231	2.07106539897192	0.936963179910647	3.22099258254693	2.28402940263628	4.49450400914282	3.4081693712839	6.09765080712786	2.68948143584396
261	1.12240092495893	0.30112965192406	2.05747936248372	1.75634971055966	1.93525343241211	0.637157756621344	3.12770487564272	2.49054711902138	3.08801860791364	1.87575562993367	4.3206555541306	2.44489992419693
445	2.53499893221094	1.65323990462169	3.70961175849951	2.05637185387782	2.4884699154748	1.28961296804349	3.4813276679562	2.19171469991271	5.08385535757746	3.94213546897881	6.4235287638561	2.48139329487728
142	1.83381442263816	0.943458882942162	2.87074651404563	1.92728763110346	1.70493148102076	0.392660786477069	3.03366203628157	2.6410012498045	3.58613776320415	2.18894987448988	4.92031942483082	2.73136955034094
318	1.85807999524968	0.7835842950566	2.84673847727025	2.06315418221365	1.36370644430806	-0.132504297732626	2.78112168936671	2.91362598709934	3.16902169988509	1.66315361544327	4.66580663930466	3.00265302386139
468	2.3165870917397	1.53345509951198	3.2700871747689	1.73663207525692	1.06776463616275	0.112309172689974	2.30352135820083	2.19121218551086	3.42249922152373	2.3738186008506	4.56155208935097	2.18773348850036
452	0.97402674798046	-0.12999669183258	2.08835649903066	2.21835319086324	2.23507763407236	1.16127234400763	3.70271592182189	2.54144357781427	3.29659571026377	1.9575586405492	4.38955033344742	2.43199169289823
269	1.32778045410819	0.29923358665716	2.36537575629049	2.06614216963333	2.03557889561247	0.786468700400721	3.25173337698039	2.46526467657967	3.33557120080429	2.04817505848157	4.59708083237339	2.54890577389182
152	0.704099901028586	-0.447992040707731	1.45749625482312	1.90548829553085	1.57432563245869	0.252379259896265	2.91841109433646	2.6660318344402	2.19934866385918	0.87186727849084	3.39600433085486	2.52413705236402
330	1.48964606988969	0.664172798755999	2.509705138178	1.845532339422	1.7374574210198	0.426050244878223	3.29965773022973	2.87360748535151	3.25879644514484	1.92231483080098	4.84398071165585	2.92166588085488
358	2.29074417693235	1.37560163117684	3.35806424909093	1.98246261791409	2.15756770622759	0.677022427974101	3.34371863534608	2.66669620737198	4.54846939465868	3.03949644305114	5.77066470106572	2.73116825801459
450	2.3983008923912	1.27807350199104	3.3636587712817	2.08558526929066	1.37497485873804	0.293979489369936	2.62339858203467	2.32941909266473	3.85658617192279	2.45035787822914	4.95276968467583	2.5024118064467
444	1.63230240671356	0.601211020590472	2.7419183934965	2.14070737290603	1.82612429808338	0.608943201195469	3.1107208005485	2.50177759935303	3.54787376879705	2.13106066488652	4.6847641993308	2.55370353444428
130	2.15426508781827	1.0263402251479	3.35226518591711	2.32592496076921	1.64270362162342	0.314228914332175	3.05749575770289	2.74326684337072	3.81541874680705	2.32745456431245	5.11753934799434	2.79008478368189
443	1.61883643568032	0.826755602085974	2.73683788294794	1.91008228086196	2.47558630098456	1.33876506483075	3.71886863639333	2.38010357156257	4.16997025061614	2.84857715191778	5.48170083071734	2.63312367879957
415	1.60388089349735	0.665829566452522	2.61637197638856	1.95054240993604	1.28346520821351	0.233615327660669	2.63262035901427	2.3990050313536	2.90106956166452	1.6732986422201	4.18340300541455	2.51010436319445
431	1.45429940505983	0.410182968835935	2.34749489798323	1.9373119291473	1.30230225719363	0.190346491746764	2.51929726022595	2.32895076847919	2.72453140202031	1.40460151884016	4.31094100921736	2.9063394903772
440	1.7020603445453	0.688241117660448	2.49269865270225	1.8044575350418	1.19398167409762	-0.057270280762643	2.4540330711803	2.51130335194294	2.89603747909691	1.70801541832082	4.14507545641629	2.43706003809547
177	2.09160616343399	1.24340261510293	3.11415485663888	1.87075224153595	1.17538871314155	-0.186258582876428	2.23265513285705	2.41891371573348	3.32795013613956	1.98456327999708	4.57231086895184	2.58774758895476
309	1.51392586159249	0.698998581867689	2.60175359368605	1.90275501181836	1.69132586067963	0.430256705666523	2.82473413010942	2.3944774244429	3.23380270124313	1.94141693888255	4.38272071762966	2.44130377874711
488	1.78794952453001	0.802992822564023	2.67062500303719	1.86763218047316	2.05740757678233	1.0373420239966	3.27058763780987	2.23324561381327	3.80837436728142	2.59239587045078	5.23609744828572	2.64370157783494
432	2.60189524998459	1.6141968916656	3.73131099417812	2.11711410251252	1.58566174769314	0.305955164197242	2.74599684627656	2.44004168207932	4.2467273649619	2.67968901192649	5.29680988427335	2.61712087234686
462	2.07374060289832	1.11954557263513	3.01633549665133	1.8967899240162	1.98756553697187	0.836169176809915	3.23513118151841	2.39896200470849	4.10541759164476	2.88438216836284	5.4506248011301	2.56624263276726
448	1.58531639114193	0.485091801128079	2.6522063099077	2.16711450877962	1.87509338287455	0.625065397155144	3.43964267379191	2.81457727663677	3.42977163247851	2.27680588796521	5.24271719083306	2.96591130286785
282	2.06956727152288	1.06050534093985	3.19070223301021	2.13019689207036	2.19382549435068	0.822682894456546	3.54367714734853	2.72099425289199	4.24338503581705	2.64154478153748	5.69853747126423	3.05699268972675
385	2.07738926926788	1.07901740160462	3.08422070722108	2.00520330561646	1.3726026257646	0.0581444164650485	2.83703380249579	2.77888938603074	3.47157071054869	2.06198678948603	4.69448854683765	2.63250175735162
442	0.92258167113547	0.0372770150011781	1.87315376570999	1.83587675070881	1.0054227128949	0.0360226282804022	2.25280341951224	2.21678079123184	1.99832288980579	0.709566573442684	3.33033883383366	2.62077226039098
413	2.02732188770457	1.04175987844014	2.87786102913845	1.83610115069831	1.52502762475131	0.475247054802805	2.55223441156955	2.07698735676674	3.51722392226189	2.38619690285682	4.85744855544239	2.47125165258557
343	1.64155049058182	0.694574847837915	2.65544369556649	1.96086884772858	1.91501293967575	1.01535454200067	3.41625948381262	2.40090494181195	3.62019495252648	2.33456339178457	5.15444156773117	2.8198781759466
235	1.76133532407284	0.703908491817874	2.65803114136638	1.9541226495485	1.86039771356362	0.749619465489946	3.0253890599048	2.27576959441485	3.63443160231333	2.45227171306153	4.81701497843296	2.36474326537143
254	1.37808398434827	0.558798828484989	2.37491224976886	1.81611342128387	2.24197890785473	0.956892602954091	3.66023866722999	2.7033460642759	3.5989765039183	2.38609912031759	4.98288355650396	2.59678443618637
414	2.22166145286167	1.15769509835425	3.21087092124822	2.05317582289397	2.43234021681978	1.36225763616696	3.80764209699494	2.44538446082798	4.5871537528182	3.36477352308865	5.92217148158117	2.55739795849251
404	2.42668154392707	1.56617046896043	3.61144806196202	2.04527759300159	1.9863571043763	0.955894186230489	3.07489546193412	2.11900127570363	4.46913754441132	3.23563993671215	5.58302772969333	2.34738779298118
260	2.11734324661707	1.20117136292311	2.9115760918705	1.71040472894739	1.9067564987084	0.580249329215164	2.98069491538659	2.40044558617143	3.99305779854138	2.62919692623811	5.14903166139423	2.51983473515611
314	1.64596387903057	0.757462249253752	2.78097776758371	2.02351551832996	1.39025638551826	0.154511596417546	2.43929992516903	2.28478832875148	3.12237736601411	1.81153154287729	4.57908621110315	2.76755466822586
366	1.80132490367069	0.825298556398187	2.85930792960013	2.03400937320194	1.51684115904862	0.235506963292138	2.88393050566022	2.64842354236809	3.35658654932059	1.90453167827324	4.78948930455364	2.8849576262804
296	1.8152929175385	0.858864155663593	3.01360514424993	2.15474098858633	2.1470034056139	0.784528381166153	3.50947925169756	2.72495087053141	3.95686755993283	2.66843316247031	5.67875775819498	3.01032459572467
114	1.49425326717876	0.295959279506577	2.42330754916207	2.1273482696555	1.1968457848997	-0.0771196454410112	2.24637776359762	2.32349740903863	2.66420257569763	1.27491836843174	3.87259705256008	2.59767868412834
338	1.94694129316321	1.05893970941755	2.80433614477501	1.74539643535746	1.66107294164276	0.524785745869121	3.06478483562239	2.53999908975327	3.71345658901468	2.34051462884141	4.79568797560122	2.45517334675981
302	1.64032464457256	0.530760461886287	2.66223420524324	2.13147374335695	2.20953733914557	0.914923884049503	3.3336927059398	2.41876882189029	3.82419109578761	2.42140130638784	5.15387899517173	2.73247768878389
387	1.88889642888437	1.00359149683899	2.96095669281415	1.95736519597516	1.80775690134302	0.77480052230739	2.87411769341384	2.09931717110645	3.73660767772439	2.39728465965401	5.06641319089615	2.66912853124215
381	1.53615262969555	0.567679080450856	2.55663712219805	1.9889580417472	2.54843919524929	1.49629243215271	3.78896630985092	2.29267387769821	4.09407403618996	2.78072373213074	5.2507410677761	2.47001733564536
219	1.88624584953062	0.837880143463056	2.92115456605935	2.08327442259629	1.71867885776333	0.285957810975376	3.20305410875527	2.91709629777989	3.60411652711536	2.3018432235427	5.37570326228316	3.07386003874046
388	1.48381455843402	0.591362864968806	2.59149228581762	2.00012942084881	2.0608252417757	0.755866408237783	3.37326709642783	2.61740068819005	3.61120423396809	2.32582280389734	4.79356225246393	2.46773944856659
447	1.16325674219808	0.241174545022639	2.1794023942068	1.93822784918416	2.26475906962949	0.962469268882938	3.51054290572606	2.54807363684312	3.41732412261134	1.99362390528092	4.81862972149742	2.8250058162165
487	1.87033376265982	0.878201673540013	2.87047691871459	1.99227524517458	1.14169177960338	-0.0571225400041947	2.27250743454632	2.32962997455051	3.05295600778544	1.78177953258602	4.28826366508103	2.50648413249502
395	2.25227707486918	1.29322047942631	3.10861416082408	1.81539368139777	2.20921761288129	0.837636470271369	3.08053051117977	2.2428940409084	4.43486963563012	3.03148495812535	5.45527346023987	2.42378850211452
476	1.69866514348184	0.720296301086636	2.70797179834421	1.98767549725757	2.63756622112483	1.60543205464397	3.65376437703854	2.04833232239458	4.32415791556943	3.25194471640948	5.42659491837762	2.17465020196814
426	2.21459343369338	1.14738168753723	3.31805625513377	2.17067456759654	1.79378667460619	0.477265598504384	3.19340527765163	2.71613967914725	4.03406011178875	2.84772695318084	5.34499786259011	2.49727090940926
498	1.33493281967265	0.495387175077995	2.27300752888632	1.77762035380832	1.20775407774828	-0.0395100342804401	2.32177705110569	2.36128708538613	2.54923874918914	1.31143562058617	4.03681008819138	2.72537446760521
463	2.45953448769258	1.31774967431407	3.4324289961502	2.11467932183613	0.381608767635285	-0.687835534042869	1.75625270017218	2.44408823421505	2.90598786869199	1.5125719819125	4.24736083936043	2.73478885744793
145	1.70428283849453	0.764183538757811	2.78949704712383	2.02531350836602	1.19840284073549	-0.0507995347114391	2.64456154441351	2.69536107912495	3.02279998896687	1.54512167917494	4.29581960308908	2.75069792391414
496	1.90253171494748	0.954373293395228	2.93649372011081	1.98212042671558	2.11205888385628	0.583628078526722	3.17887906512445	2.59525098659773	3.9937334130586	2.61782429632805	5.37509565351845	2.7572713571904
329	1.19735844722092	0.290987445021456	2.12258008961025	1.83159264458879	1.99624365123959	0.678137157684759	3.07210486237652	2.39396770469176	3.17401446727008	1.72947143584131	4.56595196716357	2.83648053132227
337	1.34625216061188	0.495403532304378	2.32339175906324	1.82798822675886	2.61034804147044	1.38338279133479	3.72547316490556	2.34209037357077	3.99332795691403	2.5608030849771	5.20584910004984	2.64504601507275
484	1.43690043593022	0.552111746643382	2.49430848020373	1.94219673356035	1.8217324308384	0.633443817231152	3.00261837789923	2.36917456066808	3.26623271157858	1.87566905859428	4.61529765642099	2.73962859782672
328	1.62132939562851	0.640718072951639	2.77380769807982	2.13308962512818	0.725902007622035	-0.703903450901778	2.15218729784469	2.85609074874647	2.38205002109972	0.9807113639448	3.95071816384338	2.97000679989858
392	1.98487592267107	1.07204447166102	2.99547016447049	1.92342569280947	1.70299983094434	0.472009931218136	2.81019395804499	2.33818402682686	3.65486640403915	2.37592703574168	4.95377305914762	2.57784602340594
324	2.06451963164255	1.07939492120139	3.1468899240116	2.0674950028102	2.6828388923438	1.46453737034396	4.11330732259515	2.64876995225119	4.77409332051792	3.62099102790316	6.20586654857902	2.58487552067585
251	1.30868853746624	0.339810922022723	2.22100115316484	1.88119023114211	2.61298669731668	1.30380667279521	3.90292348861999	2.59911681582478	3.94111369703485	2.58497310787375	5.37128602206257	2.78631291418882
372	1.50353345464063	0.638702942361612	2.40207414111369	1.76337119875208	2.09641793621821	0.880957886880505	3.14467577080343	2.26371788392292	3.53892819813383	2.47873998734801	4.95796506833538	2.47922508098737
342	2.02771107236321	0.73941779398086	3.28238755607947	2.54296976209861	1.16873492762743	-0.313426575355167	2.91144463726289	3.22487121261805	3.28233569439863	1.8154225673901	4.77450861310983	2.95908604571973
425	1.94061908352719	0.820212431758411	2.84020959748396	2.01999716572555	1.75920354322998	0.48768483344831	3.09907260787899	2.61138777443068	3.67489055138856	2.40386314716578	5.06709670343448	2.66323355626871
478	1.76949765098944	0.81298324832252	2.76824606866341	1.95526282034089	0.859126843336945	-0.45704270967321	1.98191322523455	2.43895593490776	2.59971172334924	1.2976903388988	4.02909395626556	2.73140361736676
418	1.47772551322552	0.553160427827337	2.42489896580796	1.87173853798062	1.59468862088395	0.499419923572403	2.73669084928409	2.23727092571168	3.05693549826327	1.94676151037014	4.46176218381243	2.51500067344229
373	1.70404724658004	0.853276043540852	2.49021217848762	1.63693613494677	1.77224178724955	0.359552329740138	3.15280105175426	2.79324872201412	3.48531262524332	1.59818620773285	5.17947468962625	3.5812884818934
466	1.67053565572827	0.806628950486834	2.78080550750718	1.97417655702035	1.13859726920772	-0.27899158929357	2.14790253309696	2.42689412239053	2.8220374894383	1.40507959627554	3.95438140639563	2.54930181012009
350	2.5986616300275	1.60405075731882	3.6914500213705	2.08739926405168	1.27615040091905	-0.0754731873321467	2.59512355938002	2.67059674671217	3.82629542228413	2.61019248380554	5.22890814667373	2.61871566286819
396	1.74814543184623	0.656619850109969	2.60307367589481	1.94645382578484	1.82888707581723	0.824025913263517	2.98828056936829	2.16425465610477	3.57460032623309	1.95203105482001	4.56684494111173	2.61481388629172
322	1.87839711244139	0.985973823711323	2.86029712369933	1.87432329998801	1.31763975274716	-0.203438536953314	2.71267607895728	2.91611461591059	3.23823921677269	1.79261161422512	4.6288836025335	2.83627198830838
461	1.4538725293959	0.620557602481045	2.42381671042628	1.80325910794524	2.02113051209278	0.758833113703253	3.10142178125459	2.34258866755134	3.49763703654034	2.15977886442705	4.69651729894001	2.53673843451296
393	1.24921218236901	0.248556911674761	2.29108781943055	2.04253090775579	1.62353279483181	0.043858141217129	2.96406889238969	2.92021075117256	2.78800241616933	1.54465328181315	4.16033123472496	2.61567795291181
390	1.84018905923745	0.908757756385677	2.72611656122424	1.81735880483857	1.85880083771035	0.681304914911757	3.12316360039219	2.44185868548044	3.6713557034136	2.33841039949725	5.12387213831119	2.78546173881394
374	1.16070757875585	0.179406461328825	2.11680311542354	1.93739665409472	2.10698937412781	0.734190520761541	3.50866688943063	2.77447636866909	3.31377355625429	1.78681482291434	4.49829728757908	2.71148246466474
482	2.38050813775452	1.38462542626621	3.53001266874723	2.14538724248101	1.71622970642346	0.532075088567638	3.07700100835514	2.5449259197875	4.14263537102119	2.78339600462815	5.62020680624281	2.83681080161466
486	2.33840551670197	1.11304654285598	3.37805573770475	2.26500919484877	0.908499562822549	-0.361544929284147	2.27891183130518	2.64045676058932	3.23269092777562	1.9547010675032	4.58133748079643	2.62663641329323
427	1.78410369596236	0.933979254072346	3.09062201228888	2.15664275821654	1.14167150984971	-0.298096682626863	2.42123229922928	2.71932898185615	2.97238024539296	1.61771774629645	4.37424139216297	2.75652364586652
433	1.9242114002849	0.834183372567305	2.90231443373329	2.06813106116598	1.51316416559394	0.383445025657542	2.75590499578809	2.37245997013055	3.44175790120531	2.0915351041481	4.84538274833856	2.75384764419046
399	2.48029703138643	1.48464430885541	3.49683789684678	2.01219358799137	1.16158371495186	-0.288301171416286	2.4534908707571	2.74179204217339	3.62745693247049	2.1406675598771	4.98655828043851	2.84589072056141
467	1.4526762207204	0.438965515727437	2.54107614384837	2.10211062812093	2.50336774867419	1.10259028412802	3.56926260087266	2.46667231674463	3.96368390001394	2.57011894702873	5.15874152988697	2.58862258285824
378	1.99126601208331	1.07604767532308	2.77658983914377	1.70054216382069	1.09316569438601	-0.198975422799625	2.38550693389695	2.58448235669657	3.05070653078939	1.6479543853494	4.32079923336349	2.67284484801409
475	1.7036365082799	0.754073880403065	2.68566897006378	1.93159508966071	1.72005018303972	0.429972290310229	3.0026232548862	2.57265096457598	3.45035111503771	1.86374615541561	4.61063726923815	2.74689111382253
485	2.17795501515351	1.16123661704075	3.37796500668457	2.21672838964382	1.94170219677302	0.51268683646645	3.32506081430554	2.81237397783909	4.16394149359854	2.69353982517026	5.44981738875645	2.7562775635862
480	1.4626858007247	0.342586330717498	2.5411288039816	2.1985424732641	2.96956482295568	1.75870437424488	4.00825865724339	2.24955428299851	4.38000906883657	3.13668159558981	5.57814680067171	2.4414652050819
335	2.11668894445013	1.03609227719035	3.16568747131473	2.12959519412437	1.62925160071921	0.552190465101973	2.85571014874258	2.30351968364061	3.71031666560871	2.55882178878375	5.21353632375939	2.65471453497564
401	2.01176345827342	0.644893864760192	2.9975855095658	2.35269164480561	0.877620274671907	-0.601482701734677	2.15850872791905	2.75999142965373	2.93983987441821	1.18956902156611	4.1246782618617	2.93510924029559
369	2.17146681032105	1.0850267653325	3.27349028398009	2.18846351864759	2.34602484095266	0.714550796343512	3.4861926888167	2.77164189247319	4.52632868177392	2.80055873611678	6.13960066163953	3.33904192552275
420	1.61477185188184	0.491411522992862	2.54132951138556	2.0499179883927	0.879437404999332	-0.309468861162523	2.24929092523863	2.55875978640116	2.47208825557106	1.25246528867496	3.92223141073804	2.66976612206308
494	2.13748768066111	1.3012440036436	3.26403794021455	1.96279393657095	2.01010362112048	0.856115554272906	3.11270820090333	2.25659264663043	4.1367183617013	2.94948936935656	5.45448171743227	2.50499234807571
464	2.07650211924151	1.15860881149883	2.99606172386586	1.83745291236703	2.39833142976091	1.26031074830594	3.58640902438892	2.32609827608298	4.4870130125616	3.16904857750649	5.77052466132779	2.6014760838213
405	1.31071306989288	0.642323976240745	2.25879890897208	1.61647493273134	1.95834392483146	0.61687490304503	3.08817060656855	2.47129570352352	3.24984869425027	1.82080018755366	4.42562916714479	2.60482897959113
469	1.64321850947588	0.687661281743543	2.4919120713114	1.80425078956785	1.70418751334916	0.564699982302146	2.76809574641851	2.20339576411636	3.34586522563243	2.2577306895747	4.59657125309928	2.33884056352458
258	2.3867320415445	1.29260555029628	3.67293531542394	2.38032976512766	1.43353271469771	0.136729206412592	2.6061935245592	2.46946431814661	3.74509106472468	2.43474143062161	5.33199033528362	2.89724890466201
419	1.8252851082861	1.04121240379049	2.98523091075805	1.94401850696756	1.47824103563652	0.287989821508097	2.86843719416712	2.58044737265902	3.44167694395541	2.00813288926449	4.69493586149581	2.68680297223132
424	2.05896750316618	1.2575666604309	3.03071155353823	1.77314489310733	1.98145839802865	0.70385857278551	3.15335236817436	2.44949379538885	4.03592692763375	2.70475391791394	5.3577790446785	2.65302512676457
416	2.22994137964132	1.35005208753921	3.33664163244522	1.98658954490601	2.46803567885597	1.12012219064343	4.00550237648133	2.8853801858379	4.72154431897652	2.99442381300684	6.50335771436253	3.50893390135569
458	1.76684100809874	0.948338364429394	2.68464039619693	1.73630203176753	2.11339944265945	0.87309063474172	3.11063005083144	2.23753941608972	3.85729142549447	2.49469624600071	5.14206744565166	2.64737119965095
394	1.37824549286238	0.315949942575937	2.34207873153689	2.02612878896095	1.1918759394361	0.194378418616428	2.34202761327126	2.14764919465483	2.6004787755918	1.35483918723932	3.85272398252566	2.49788479528634
409	2.007039525029	0.963088638235231	3.05532666315938	2.09223802492415	1.37122898007932	0.0493890087562935	2.53445762577236	2.48506861701607	3.36554884807359	2.15973806788083	4.64233665636968	2.48259858848885
422	1.80593403450602	1.00230641074874	2.93637503665312	1.93406862590439	1.66536772002326	0.46429329649347	2.89026170407981	2.42596840758634	3.49373004246499	2.0912297114055	4.81582668163258	2.72459697022708
300	2.94606695083418	1.89982322324965	3.96222104649214	2.0623978232425	1.70784147629572	0.43235790452329	2.92664936178475	2.49429145726146	4.62733817216611	3.30996406020928	6.15415324322037	2.84418918301109
497	1.34845936075708	0.219189438184306	2.51452883278142	2.29533939459712	2.29113614152526	1.0932933166182	3.32968202899251	2.23638871237431	3.68519298435855	2.30243294698733	4.92027300555536	2.61784005856804
391	1.56290216462045	0.427970675383583	2.56475373075681	2.13678305537323	1.94946752779281	0.615089173923636	3.21170148940936	2.59661231548573	3.58604881839419	2.26072670203982	4.75923954884019	2.49851284680037
375	2.09656472630155	1.08429920064028	2.92398948640641	1.83969028576612	1.79141867960273	0.498432789580509	3.060047735032	2.56161494545149	3.88726395680925	2.59406065810213	5.36527563250331	2.77121497440118
257	2.40685410312608	1.33881206239502	3.57778341562723	2.2389713532322	0.982098836284804	-0.578110736889993	2.56207285285652	3.14018358974652	3.34136516054793	1.79215956106563	4.7980658921931	3.00590633112747
495	1.68405352563896	0.813945974164487	2.6206070791761	1.80666110501161	1.94954012910866	0.818432863403228	3.28192355735315	2.46349069394992	3.67340450472128	2.41437780231053	4.86654466142045	2.45216685910992
490	1.50144103205819	0.544219827945965	2.37762585356817	1.8334060256222	1.83866854094266	0.494641856536057	3.0258030486662	2.53116119213014	3.27758388352707	2.04168093606817	4.63954837699506	2.59786744092689
460	1.92411112262459	0.76521598418268	2.93985600293247	2.17464001874979	0.915098605195839	-0.586675443205752	2.23388622595481	2.82056166916056	2.83711366690551	1.36338786375553	4.54517603255467	3.18178816879914
371	1.42316216869322	0.381622120474284	2.59781018488766	2.21618806441337	2.2728398996676	0.79259316821111	3.58568103645631	2.7930878682452	3.68467305296017	2.03152120050946	5.03136155190208	2.99984035139263
407	2.0993167854828	0.943200487889922	3.08991694692338	2.14671645903346	2.026900527132	0.413267635176023	3.33473939224041	2.92147175706439	4.17918324133029	2.525605059397	5.54611548358861	3.02051042419161
500	2.1895860057905	1.33106568316031	3.1351619275613	1.80409624440099	1.63518975415279	0.445357072723853	2.86193311639536	2.41657604367151	3.80432574372509	2.63656436136347	5.09968234976313	2.46311798839966
492	2.32128243552853	1.27684981974365	3.28116912305372	2.00431930331007	1.37022684502568	0.161982140720544	2.51667427700585	2.35469213628531	3.67960562642459	2.21027384755125	4.72023349455301	2.50995964700176
459	2.55056324144676	1.38923034304805	3.52254310844472	2.13331276539666	1.84929975299884	0.476534869255637	2.97262712819141	2.49609225893577	4.371953030018	3.24297469701216	5.52026728827192	2.27729259125976
